AR             0.00    0.00    0.00    0.00    0.00    0.00    0.00    0.00    0.00    0.00    0.00    0.00    0.00    0.00    0.00    
CHEK1          1.00    1.00    1.00    1.00    1.00    1.00    1.00    1.00    1.00    1.00    1.00    1.00    1.00    1.00    1.00    
DNAdamage      1.00    1.00    1.00    1.00    1.00    1.00    1.00    1.00    1.00    1.00    1.00    1.00    1.00    1.00    1.00    
HSPB1          0.00    0.00    0.00    0.00    0.00    0.00    0.00    0.00    0.00    0.00    0.00    0.00    0.00    0.00    0.00    
IGF1           1.00    1.00    1.00    1.00    1.00    1.00    1.00    1.00    1.00    1.00    1.00    1.00    1.00    1.00    1.00    
IKBKB          0.00    1.00    1.00    1.00    1.00    1.00    1.00    1.00    1.00    1.00    1.00    1.00    1.00    1.00    1.00    
IL2            0.00    0.00    0.00    1.00    1.00    1.00    1.00    1.00    1.00    1.00    1.00    1.00    1.00    1.00    1.00    
IRS1           1.00    1.00    0.00    0.00    0.00    0.00    0.00    0.00    0.00    0.00    0.00    0.00    0.00    0.00    0.00    
JUN            0.00    0.00    1.00    1.00    1.00    1.00    1.00    1.00    1.00    1.00    1.00    1.00    1.00    1.00    1.00    
LowNutrition   0.00    0.00    0.00    0.00    0.00    0.00    0.00    0.00    0.00    0.00    0.00    0.00    0.00    0.00    0.00    
NFKB1          1.00    0.00    1.00    1.00    1.00    1.00    1.00    1.00    1.00    1.00    1.00    1.00    1.00    1.00    1.00    
PRKCQ          1.00    1.00    1.00    1.00    1.00    1.00    1.00    1.00    1.00    1.00    1.00    1.00    1.00    1.00    1.00    
RB1            0.00    1.00    1.00    1.00    1.00    1.00    1.00    1.00    1.00    1.00    1.00    1.00    1.00    1.00    1.00    
RELA           0.00    1.00    1.00    1.00    1.00    1.00    1.00    1.00    1.00    1.00    1.00    1.00    1.00    1.00    1.00    
RPS6KB1        0.00    1.00    1.00    0.00    0.00    0.00    0.00    0.00    0.00    0.00    0.00    0.00    0.00    0.00    0.00    
