5728
5970
5970
4790
1436
9846
572
3791
5241
815
3726
2099
3932
5605
2322
5610
2322
2890
10254
5599
5601
5602
3725
7157
5979
4609
3480
3791
6416
3791
1432
4609
7535
5728
1386
4137
10254
7157
7157
1385
4846
2017
7157
11200
7157
4790
5610
3587
894
6198
604
2002
4914
2099
6195
5058
5578
613
921
5934
1111
898
5566
5894
6776
2623
3856
1500
1499
1432
5970
5338
9759
1003
8986
7157
5925
5606
4214
6772
6722
4914
5159
6195
6198
896
595
572
2064
5923
7534
2890
3297
2260
3690
58
70
71
72
7161
4082
4217
4771
930
2099
2213
6198
1027
673
5335
5970
7249
5604
4776
1978
7454
2017
7409
207
847
4233
4790
920
7454
6774
6772
1869
5159
10014
2623
6795
4205
9212
7410
921
8517
4088
4087
4088
1655
6416
5894
1978
4286
6775
1111
581
6464
6794
4914
5604
8626
5062
5777
1956
4988
5331
468
4208
9564
238
5925
208
6776
5587
695
6885
5159
3326
3875
6714
5590
5580
3726
3717
3726
3984
11200
2308
9759
3725
7054
10971
695
1956
4609
10298
47
5580
3932
898
3667
3551
3667
2308
27040
919
4233
4137
3315
8517
3551
2057
5604
5604
9252
2902
408
9181
4088
3326
156
993
9261
7534
7529
6464
3667
6885
2889
3991
5058
6194
4792
2316
1759
1111
5747
4233
9846
5579
5295
7157
2475
7535
207
207
25
5175
995
891
9134
3925
816
818
817
1981
207
3667
6722
5159
7157
6004
898
1399
3875
1147
3551
6198
8841
10013
2065
6622
6622
94274
4137
4137
1499
3383
3315
118
1956
472
4087
2560
4086
1965
5747
9046
5597
4193
5888
5468
3667
4582
331
47
5591
5499
5241
10146
5925
3791
3791
3480
857
2308
408
5599
5601
5602
