5577
2066
7409
1385
4793
5595
5594
4794
3315
4088
4087
595
5747
7465
10461
7301
835
1956
5562
1017
5925
2308
2887
3667
5587
4790
2596
55869
5610
572
841
1796
842
4790
994
156
572
3383
983
5925
3667
3480
2308
2064
2064
596
1432
4137
6416
5971
4915
847
3932
10398
4082
836
1385
84335
842
5331
1969
2042
2043
1947
815
24211
4137
4137
4088
5336
5468
84152
8936
331
7534
367
1460
672
5604
2308
4137
4137
983
1385
1956
5747
1981
7157
3932
834
5578
1386
1386
4659
1398
4790
4790
58
70
71
72
7054
6857
84126
5781
3725
3726
8569
2549
4792
9134
1386
11200
5606
4659
1111
1386
4205
3875
3065
4088
2887
3482
7534
7529
5564
7153
25
2322
3815
54700
25
5925
1017
2308
5335
993
1072
1111
3667
5580
6776
2475
5604
6794
613
896
2623
5159
6885
3486
24211
7465
3559
3454
7046
4088
3667
4087
29127
6194
2065
6790
2064
6011
2354
4205
1147
3551
5753
3991
3688
2066
5966
3925
4775
4208
25
2353
31
207
5564
920
801
805
808
207
5925
4233
5587
2152
6777
5331
2002
7852
2002
5591
5608
5562
5563
5591
3172
6720
6416
6722
9564
5970
1386
2890
3726
1600
6622
4846
2099
598
10971
596
9074
3725
4792
11140
5966
4790
2260
5894
5604
891
598
3991
1027
5728
1365
4000
9252
5347
5609
6199
5058
5728
5062
5970
2697
1956
3815
5894
207
27040
672
2353
672
983
5970
3597
3566
5728
5971
1432
2932
3937
3014
7535
7054
9212
5609
9212
4217
673
695
6774
3643
1499
3643
3815
3791
6775
6778
5894
387
468
6262
6853
4914
7249
3925
7249
1796
1436
5894
6772
3725
3791
6714
9146
1956
11200
6198
4609
3716
3597
2185
672
1796
673
3717
4137
1956
2064
2353
2891
5894
3932
1975
6199
1978
5894
1111
238
207
5062
3717
5170
7535
2321
7054
660
5580
5970
6714
3937
7430
3575
9846
7161
6198
2932
4792
5747
6773
5562
5563
6195
6772
842
5058
7157
3480
5604
4790
2309
2475
8682
5058
5062
5063
5058
5062
5063
558
7408
