Format: tab separated
Weights
BasalActivities

15.146872	80.311385	73.782551	29.748667	22.688070	64.807306	4.731478	26.427901	63.488922	71.580516	61.896535	33.091383	19.039649	58.900237	12.789704	65.731030	12.085721	60.325314	84.856699	56.849319	10.343341	22.174650	2.805512	53.192177	29.013511	44.220972	43.284108	59.628954	39.275304	53.993960	75.116010	54.444241	25.571647	51.798536	11.777018	17.976208	17.258419	36.831864	70.325817	75.273867	31.075732	31.310201	36.394815	53.707614	49.267724	78.508784	8.506904	52.070083	27.274555	21.527313	6.579577	29.456335	7.488360	33.649095	20.921029	31.272585	4.913188	19.511616	38.438195	74.978403	79.105888	8.704796	63.341760	18.217307	14.667185	12.340473	81.178956	30.230944	38.864987	22.059478	80.212104	68.924677	60.695690	85.490054	71.870240	33.181490	55.094655	51.296822	
6.101549	-25.730632	-42.359766	-13.421565	-5.573470	-55.776803	-64.308624	-72.740201	-83.139447	27.884073	42.821379	-29.857562	-64.031274	-39.259632	-34.019926	11.385955	-32.144472	68.570074	60.796430	60.893138	-1.727816	16.525073	-18.349133	-74.905929	-34.374380	-16.764245	-13.563096	-54.882063	-13.051305	73.892131	-19.688789	35.561517	-28.385251	-29.922603	-37.184316	75.925936	

27.655671	70.674736	44.343983	17.439722	24.391336	45.699553	79.064582	53.647767	29.278487	43.462145	62.196678	84.198385	62.426240	19.665861	58.195559	26.435033	30.014095	32.748837	31.944062	81.374036	58.601101	85.214654	13.099540	1.938918	62.278581	29.747790	84.003573	66.774175	89.213476	78.157429	68.668392	16.017058	41.349592	52.951199	13.637876	51.533257	62.402441	19.776282	83.705746	87.302162	22.867904	18.198286	24.778493	67.351838	29.741451	76.368437	86.461705	55.739918	20.041694	6.412719	53.990215	68.734774	51.549985	4.909752	35.171722	5.046212	15.897819	35.445371	7.618714	65.582189	87.647225	55.786045	32.224671	69.146269	44.713026	24.484024	15.320491	68.203966	42.144691	26.802709	12.022596	13.862407	48.979877	18.956164	43.758664	43.454396	19.429524	58.570938	
-20.443768	10.673932	16.865811	-45.768177	-12.733983	14.890737	0.105495	-10.561113	-69.385950	-40.631680	-74.115724	-43.815710	-45.423011	-39.509287	-8.673992	-78.059498	-36.286181	-23.399214	64.251056	-64.400443	-86.279934	-57.286510	-59.709711	-55.447777	-71.019354	-37.808032	-5.523580	9.075217	49.141469	-37.886581	0.214685	-26.461830	78.110376	-2.280338	71.754183	-70.469281	

73.109002	24.445380	39.562731	45.447886	55.379419	62.441479	33.166508	33.575337	36.868939	69.638723	78.519711	64.942113	68.363709	56.790584	84.357051	51.873711	28.508566	51.504048	63.091596	50.326414	40.699775	37.365268	63.499628	71.872993	85.562676	71.045253	25.587596	26.837186	50.520540	21.932103	28.428245	78.161684	81.169848	44.099276	67.665890	78.530787	70.703024	6.105082	55.632822	69.007327	34.114612	16.864600	67.312633	23.155688	75.133040	56.134925	31.475211	80.889790	78.642603	78.670367	80.482602	29.422749	47.806883	75.696578	24.960834	18.399532	26.003878	48.162879	7.074762	19.094285	54.055712	48.556096	11.730345	51.937259	49.233304	8.197997	42.936971	84.079673	7.522238	44.450130	33.096230	73.484257	77.781395	41.652478	62.588567	35.995403	89.532320	64.544503	
-42.942683	18.466864	-67.905759	56.891829	7.627874	-51.975251	-54.777730	40.864410	-63.331127	-51.664900	-37.217860	-36.218116	-27.331484	-34.113580	-63.184295	-69.277302	-41.890397	43.786768	-36.995251	0.120541	-31.191532	9.518577	-10.768169	-89.532506	-42.347889	-44.435502	-67.644585	-23.991454	7.641097	-30.220019	37.807387	23.197848	67.378151	-8.609546	72.028978	-18.676945	

45.304285	50.095248	45.232841	75.806774	5.081726	57.242157	88.834750	23.368114	57.503244	40.407323	8.470897	79.127525	15.652798	24.536818	58.064365	13.233297	41.363409	89.053595	51.309759	17.047738	69.961368	77.880476	5.325957	86.373294	59.458921	45.015290	65.692479	48.156800	79.344531	57.010272	77.819455	87.176886	50.649248	82.346338	49.999310	46.897870	30.588476	45.404353	87.369577	11.476797	88.409854	60.647926	62.424343	10.507410	58.180306	37.346278	81.861603	47.831078	85.996009	23.013997	28.799787	30.241765	63.999424	59.733928	67.769202	9.900642	23.323683	88.365739	29.059367	53.375146	35.946866	83.581487	88.211356	9.605124	7.928321	3.193688	32.044521	24.429525	79.735537	2.143440	50.615861	83.447310	78.993916	46.866135	41.622064	61.891390	35.117140	65.811977	
46.654724	-87.676970	-86.085149	10.143630	84.240383	-48.187627	61.555343	-78.744539	-52.998299	37.631187	-33.833468	-74.341569	-69.798588	-25.580025	-40.232948	-43.932334	48.321595	-61.359283	32.671927	-79.391032	-73.458136	57.676321	37.156166	-27.065936	-21.050777	-68.587707	-72.087360	-34.860561	44.524398	-15.611199	-69.704418	71.983658	74.031868	-22.998110	0.778283	-3.020692	

85.943904	2.734937	52.182095	22.271686	13.616887	82.454421	46.070365	79.391912	42.269250	13.695594	16.516817	57.131021	73.838366	31.229714	50.613277	6.763978	80.929944	63.906462	2.186396	89.212872	38.138310	11.391591	14.291811	51.301779	50.198229	71.997622	45.257747	8.644927	32.247191	54.685749	42.368382	30.244808	43.428232	53.487126	9.938712	42.557034	52.306758	41.228821	71.225514	30.776740	47.547562	24.589993	5.790646	35.668103	56.562764	19.279270	26.837680	8.793589	30.503113	74.965046	59.226493	87.887866	85.205773	43.888617	20.588366	75.936329	18.907223	27.780457	3.996882	63.145837	10.024908	53.414574	47.737975	13.189256	82.441440	80.192840	78.686873	58.891550	69.046390	88.199881	55.441264	73.113634	5.315764	22.746072	25.265710	56.880890	74.472670	37.176112	
-52.094070	-21.861207	-0.717619	-17.775456	-71.538359	33.355584	73.054026	-40.135694	-64.955297	-72.945750	48.382728	-87.596139	-20.114162	-19.762501	-52.084461	26.664809	18.970265	-28.276268	76.719729	41.231879	43.373947	-0.569779	-50.551921	-34.605639	-17.190388	-15.807912	-69.296853	-77.570442	-56.282251	-29.705056	68.398152	12.513498	8.925742	-6.756426	-8.324196	-30.833282	

45.304285	50.095248	45.232841	75.806774	5.081726	57.242157	88.834750	23.368114	57.503244	40.407323	8.470897	79.127525	15.652798	24.536818	58.064365	13.233297	41.363409	89.053595	51.309759	17.047738	69.961368	77.880476	5.325957	86.373294	59.458921	45.015290	65.692479	48.156800	79.344531	57.010272	77.819455	87.176886	50.649248	82.346338	49.999310	46.897870	30.588476	45.404353	87.369577	11.476797	88.409854	60.647926	62.424343	10.507410	58.180306	37.346278	81.861603	47.831078	85.996009	23.013997	28.799787	30.241765	63.999424	59.733928	67.769202	9.900642	23.323683	88.365739	29.059367	53.375146	35.946866	83.581487	88.211356	9.605124	7.928321	3.193688	32.044521	24.429525	79.735537	2.143440	50.615861	83.447310	78.993916	46.866135	41.622064	61.891390	35.117140	65.811977	
46.654724	-87.676970	-86.085149	10.143630	84.240383	-48.187627	61.555343	-78.744539	-52.998299	37.631187	-33.833468	-74.341569	-69.798588	-25.580025	-40.232948	-43.932334	48.321595	-61.359283	32.671927	-79.391032	-73.458136	57.676321	37.156166	-27.065936	-21.050777	-68.587707	-72.087360	-34.860561	44.524398	-15.611199	-69.704418	71.983658	74.031868	-22.998110	0.778283	-3.020692	

85.943904	2.734937	52.182095	22.271686	13.616887	82.454421	46.070365	79.391912	42.269250	13.695594	16.516817	57.131021	73.838366	31.229714	50.613277	6.763978	80.929944	63.906462	2.186396	89.212872	38.138310	11.391591	14.291811	51.301779	50.198229	71.997622	45.257747	8.644927	32.247191	54.685749	42.368382	30.244808	43.428232	53.487126	9.938712	42.557034	52.306758	41.228821	71.225514	30.776740	47.547562	24.589993	5.790646	35.668103	56.562764	19.279270	26.837680	8.793589	30.503113	74.965046	59.226493	87.887866	85.205773	43.888617	20.588366	75.936329	18.907223	27.780457	3.996882	63.145837	10.024908	53.414574	47.737975	13.189256	82.441440	80.192840	78.686873	58.891550	69.046390	88.199881	55.441264	73.113634	5.315764	22.746072	25.265710	56.880890	74.472670	37.176112	
-52.094070	-21.861207	-0.717619	-17.775456	-71.538359	33.355584	73.054026	-40.135694	-64.955297	-72.945750	48.382728	-87.596139	-20.114162	-19.762501	-52.084461	26.664809	18.970265	-28.276268	76.719729	41.231879	43.373947	-0.569779	-50.551921	-34.605639	-17.190388	-15.807912	-69.296853	-77.570442	-56.282251	-29.705056	68.398152	12.513498	8.925742	-6.756426	-8.324196	-30.833282	

7.041092	59.736242	76.065049	47.555416	36.830956	47.333989	62.983729	40.255313	54.106153	57.322627	75.562127	71.830248	61.119518	36.954176	1.881392	51.646644	17.333423	54.366142	73.281393	89.434076	38.664852	34.614228	23.867965	6.283446	44.198896	76.963053	84.567914	2.622462	79.209380	36.564856	60.010917	6.413615	38.912338	2.049670	15.400968	42.669066	89.702438	74.559294	53.893036	82.599153	72.050927	12.452755	29.673571	67.009379	78.305100	45.610190	7.745889	75.121575	26.963040	82.494501	37.359850	81.114700	21.283851	34.402094	27.780108	27.662838	7.874515	87.464555	43.024901	57.844355	77.505105	78.948719	83.397735	29.345851	17.700741	45.203177	35.489090	62.459198	20.115912	14.844129	57.911357	79.935168	7.310625	7.592020	14.385506	47.158307	28.099449	56.976275	
-45.373841	-18.803183	35.591675	61.549436	-65.377338	63.866011	23.506857	24.576864	-72.056399	88.302865	-55.069930	-47.313018	-39.201524	-20.067302	-53.531507	42.496745	3.793863	-32.786677	38.456528	-35.535436	35.934977	18.286561	-21.197544	-57.361068	-35.616501	-36.404073	-40.327383	-58.140512	14.346962	-38.936550	-19.398627	-43.265872	65.773840	-38.089286	57.912231	-52.716049	

44.180326	40.470373	60.818970	13.312773	11.462805	31.355135	58.696588	58.252018	48.858621	78.368575	20.301864	58.657574	11.662618	6.573050	26.870669	3.156488	2.603996	5.989109	2.541030	59.917600	58.418947	41.100395	73.006855	38.050870	41.134459	35.075404	44.994025	66.343707	71.047217	63.968704	28.953185	27.707651	2.558944	58.930519	9.421317	74.648117	78.297830	46.463500	70.754374	61.618321	19.422891	88.998367	46.550456	82.525250	63.053912	73.638976	72.939919	62.441288	40.021046	55.113592	68.287293	78.347060	64.942912	27.579938	39.864297	59.822872	51.894850	53.376504	36.151390	47.533027	4.027199	81.224702	54.973398	1.737046	33.483479	12.582807	76.533117	31.364322	17.025857	19.283632	18.866803	62.396644	87.434298	36.387191	59.747550	85.078376	81.977536	9.655233	
-33.507602	64.413954	-53.680637	68.479299	-64.137323	-2.978450	73.668925	-25.258232	-53.328666	-33.040106	-14.196899	-16.547247	-60.472845	-48.896884	-0.196369	-34.602512	59.448781	-4.995144	54.749284	-61.414548	-1.786888	78.039784	-76.478012	-16.820803	-66.606744	-71.193590	-49.050755	74.599938	-25.833814	-46.482743	58.040842	21.701444	-21.217957	-46.717856	77.386231	-29.166009	

37.353388	63.012415	87.450187	39.390889	12.939540	48.311645	47.341226	26.143606	57.074976	25.354454	56.907396	57.919712	63.299730	54.801539	76.355704	33.244845	53.603562	18.593383	52.036873	35.348793	81.390217	49.172936	32.009212	39.631379	48.736712	30.647362	88.739439	80.141049	80.476361	33.337464	57.960248	19.498094	23.883106	34.198362	75.151231	21.086033	75.445833	21.188217	9.647726	41.713528	57.644740	34.684723	62.533958	86.890674	44.462267	41.514184	88.950049	66.522338	58.309767	18.088901	58.306073	47.687241	49.471812	17.318821	2.079522	36.377795	18.935542	31.639153	73.802407	58.021720	50.186045	74.910614	16.102476	61.453341	73.328030	77.100692	28.224213	63.736395	72.113630	66.851952	42.699254	53.114116	86.417168	45.984642	31.935361	71.965727	27.503189	80.005055	
89.495860	-11.542998	68.742155	30.081850	4.014467	-39.507516	51.458420	-37.557042	-53.974701	12.577130	14.036231	-65.097789	-49.349233	-83.996576	-31.989025	15.785122	-81.108261	40.354840	-44.776902	69.267631	-37.236691	87.013253	-40.235262	-60.734226	-41.066053	-54.918845	-85.004096	15.517274	-75.284080	-68.442402	38.674050	22.379090	-29.708914	-17.377182	51.181332	38.339553	

69.338582	16.158461	85.284636	5.674092	32.758403	48.143931	46.091152	62.648899	51.660626	40.244623	87.155281	11.451806	30.182368	36.806224	37.715974	70.894916	29.524885	49.991177	36.154127	83.047940	33.388446	43.065450	57.565879	86.030074	80.605018	79.062026	46.078033	83.460638	36.527424	70.291546	46.121879	3.191013	34.983526	43.526681	78.352698	30.630978	59.188408	89.440768	86.014690	57.393219	7.323808	53.282152	27.828451	55.352615	89.464354	50.542778	14.980701	24.451962	67.855201	57.950853	68.807852	25.471761	8.354551	58.192613	49.188573	26.848624	19.011069	88.775074	80.452531	55.153357	84.527821	38.760304	13.191465	64.346447	2.690538	39.603696	77.707465	69.513493	52.052604	60.295920	30.456089	66.420459	9.791450	28.805339	64.805041	37.523520	38.299992	86.233166	
-30.383203	-80.186448	-81.672350	77.344225	33.303235	-3.042247	50.017122	-19.125161	-88.360464	73.296514	-57.294201	-63.334790	-47.171209	-84.237480	-74.555617	23.768082	-72.110773	44.092435	-62.210619	-38.396762	-82.255345	54.460365	46.270570	-53.364575	-0.040256	-44.593075	-83.929239	14.981269	-68.491757	-73.103938	86.280159	48.140149	72.457214	-16.465632	-44.581610	49.594235	

21.024541	15.831248	82.209842	29.442301	34.868486	23.255833	66.578336	53.014822	19.811289	83.133343	43.505323	54.977856	8.558385	55.042209	2.408588	60.177896	30.897484	29.702337	39.683985	21.033095	82.763713	45.857724	69.634713	6.758936	18.320553	6.539185	37.826243	56.229738	61.641740	12.479715	13.025899	66.549265	13.045586	32.249180	60.470119	17.889794	81.693110	30.902406	55.181459	86.724694	29.398508	23.756013	68.634042	5.633606	81.071109	31.036143	22.764468	42.293345	47.229648	32.255552	31.802743	70.306726	5.794794	60.263071	86.693930	30.767302	27.087670	42.195919	26.019025	21.956279	12.425611	23.531135	64.918013	12.267345	46.085658	39.840519	44.469809	22.041320	47.670257	74.539348	28.481802	44.527108	62.909813	57.969117	47.642741	28.921580	54.078754	45.098440	
-10.475054	48.873702	66.790677	84.156160	-46.610176	40.236940	-66.195198	26.875591	-87.560810	-68.887709	-12.726403	-50.793641	-11.083040	-61.489503	-32.170190	-30.179936	5.209596	-41.139560	-9.343646	-88.948986	-55.224102	-69.054748	49.579801	-66.018282	-15.919052	-33.637843	-31.336307	28.901729	-42.648336	4.091123	-60.136284	82.869574	32.971276	-16.673127	-39.584806	-73.272944	

21.024541	15.831248	82.209842	29.442301	34.868486	23.255833	66.578336	53.014822	19.811289	83.133343	43.505323	54.977856	8.558385	55.042209	2.408588	60.177896	30.897484	29.702337	39.683985	21.033095	82.763713	45.857724	69.634713	6.758936	18.320553	6.539185	37.826243	56.229738	61.641740	12.479715	13.025899	66.549265	13.045586	32.249180	60.470119	17.889794	81.693110	30.902406	55.181459	86.724694	29.398508	23.756013	68.634042	5.633606	81.071109	31.036143	22.764468	42.293345	47.229648	32.255552	31.802743	70.306726	5.794794	60.263071	86.693930	30.767302	27.087670	42.195919	26.019025	21.956279	12.425611	23.531135	64.918013	12.267345	46.085658	39.840519	44.469809	22.041320	47.670257	74.539348	28.481802	44.527108	62.909813	57.969117	47.642741	28.921580	54.078754	45.098440	
-10.475054	48.873702	66.790677	84.156160	-46.610176	40.236940	-66.195198	26.875591	-87.560810	-68.887709	-12.726403	-50.793641	-11.083040	-61.489503	-32.170190	-30.179936	5.209596	-41.139560	-9.343646	-88.948986	-55.224102	-69.054748	49.579801	-66.018282	-15.919052	-33.637843	-31.336307	28.901729	-42.648336	4.091123	-60.136284	82.869574	32.971276	-16.673127	-39.584806	-73.272944	

75.195937	39.873572	76.412332	20.934310	58.640233	56.913148	33.236999	89.998571	58.799074	64.018985	30.995339	32.881375	65.432967	34.047911	16.390264	63.360174	67.266954	78.470069	79.437552	2.927650	59.213472	13.733453	85.707482	82.832983	40.385286	69.769831	52.364934	18.936832	74.074619	36.899834	89.137521	58.082130	41.820632	61.236462	65.280009	63.920363	50.443796	25.178003	73.058866	57.049470	53.890257	41.154980	2.951939	73.580381	82.402768	57.103978	58.560032	63.984557	15.436507	72.956233	27.661894	63.242576	62.427848	65.938631	76.570833	32.301861	16.581649	53.544421	76.607090	1.543165	89.729104	24.622999	19.043128	45.511882	54.883881	51.855186	38.679535	77.879888	46.090906	37.089995	61.250229	61.003868	34.394879	36.187461	53.689268	9.529312	25.272714	22.762533	
76.176157	-0.103964	-72.904446	17.684362	-59.899869	-24.777701	34.559468	-11.468778	-80.616638	-68.192690	-52.755559	-82.828604	-51.742185	-22.902188	-81.906278	-34.554936	-15.607165	-13.643308	-39.096263	4.024084	72.784445	-66.239702	-61.266085	-45.221225	-36.547127	-21.216340	-42.440321	45.871249	53.772928	11.039294	24.918264	-65.264460	-88.332635	-5.568225	-65.859123	-16.795293	
