3383
468
1956
5888
3480
1072
993
4582
857
5588
7534
118
351
2308
4233
2065
1956
2560
5925
5597
2353
5747
6622
3315
2047
1969
6622
6198
3667
5499
1965
1956
1796
5587
3791
7157
857
3551
4086
207
9564
10146
4137
4000
940
4137
5347
5469
5468
8936
983
331
5599
5601
5602
4082
6789
4582
1499
6194
9564
4609
6714
84335
408
919
3326
2560
3725
5894
1385
3055
8517
1655
5604
3726
921
4137
5058
7048
4609
7408
2475
5295
8503
2902
3551
3716
3717
5604
5580
5581
5208
7534
10971
5578
5579
5580
5581
 5582
5583
5588
5590
1956
5747
5580
2316
1398
695
3984
7054
4915
6789
672
3667
6416
3984
4217
3717
2185
9181
2035
9212
4205
4915
466
2623
6195
5335
6720
4194
695
1326
3172
5588
5580
6772
5062
8626
7157
6774
9252
9252
5604
6774
6794
2002
6776
2002
4286
6790
9212
5159
6416
660
5159
30818
332
4088
4087
4087
4087
29760
4086
367
1111
3984
8841
5925
10014
1956
1111
7409
5777
4000
4086
9252
1385
207
3725
572
5605
572
7454
5728
2099
5970
5970
4791
1385
1600
3932
7161
7409
5970
4137
2002
6853
2889
7157
6885
7157
3690
4846
2213
2890
3791
207
55869
3297
5295
5562
5563
2623
1956
4771
5728
6198
476
930
6850
5923
4791
595
898
896
673
1022
1111
7852
3856
5894
332
4914
1003
8986
5606
1027
5058
5934
4217
7054
5335
6195
7249
9252
4790
6464
1499
847
836
842
4609
5578
8536
5566
2322
5515
5970
1843
3688
898
5599
5601
5602
613
6776
156
2185
1385
1432
5728
7054
5747
3791
3587
5606
27040
7535
7535
2904
207
25
6198
5970
1436
5606
7157
816
818
817
604
5175
672
921
596
7157
6195
6197
6196
27330
4792
3932
6774
7157
5610
1385
4233
5979
2241
572
5058
6722
1020
3925
2002
7534
7529
815
3738
4790
10018
94274
27071
1436
572
6776
