4659
5894
5894
3643
672
1436
3815
3597
3643
6795
3566
3688
4217
2932
10014
5156
3065
7534
7529
4659
8517
5058
5335
27040
5347
1460
3937
2047
1969
1385
27040
207
983
1981
5894
5062
5728
5609
6198
6199
637
7535
6794
8936
613
5336
4846
5970
7046
5753
6853
3486
4914
11140
118
834
1436
27071
3932
3551
5469
2353
5058
5062
5063
5604
7153
842
4793
572
572
207
5925
5925
1147
3551
3791
7414
5587
9146
994
842
3717
3717
4792
4790
2309
7408
4915
7535
5604
842
3667
4609
836
5058
5062
5063
5058
8682
6195
6195
6198
1978
7157
1956
54700
2064
3667
11200
1947
1948
1949
10818
1977
4771
1956
7465
24211
6416
7157
847
18712
9212
7409
3726
4790
6857
3991
6722
6857
4088
4088
2904
5175
1027
207
5564
1072
5788
1017
5925
9252
5747
5591
5591
3315
2322
4000
4088
29904
7408
5894
2932
5170
4303
5894
25
1027
1027
5747
4086
4790
1111
55869
6714
2309
7408
4792
6772
1398
8243
3725
3725
7054
5966
4088
4087
3925
4609
842
156
3551
3667
4790
2064
9846
892
3932
2353
3932
6714
5580
5062
6199
7157
1975
5894
1111
835
2321
5580
5604
2891
5610
6622
6198
29127
2308
2308
4303
6773
6850
4794
5562
1385
367
4137
4137
4137
2549
2260
2596
5610
1796
5829
11140
6667
983
2064
10398
5336
4790
1432
1500
3856
5971
595
6622
1385
920
3383
3875
1796
3480
5562
5563
58
70
71
72
1365
9252
5609
598
6722
5925
7430
1499
7410
6853
1432
2002
6195
2002
2017
4205
3172
5970
2697
2064
2099
5728
5971
5595
5594
6778
5608
841
994
10971
5747
7161
3014
2890
1600
6622
3587
3597
598
596
596
5728
3575
4137
2260
4067
1947
1948
6720
10254
4208
558
842
801
805
808
572
22858
25865
5587
6777
5336
6794
1366
4137
3725
3667
7054
8569
25
31
351
5781
3725
5564
4794
3725
5781
10014
896
24211
9759
4087
4790
4087
4792
10013
6011
7157
4088
3454
1147
3551
4205
7465
3991
3875
4609
9134
5562
5588
4137
5604
1386
4137
1386
5580
1386
84126
5578
6194
468
4067
58
70
71
72
5335
672
2065
7157
2931
476
