3066
331
11200
10298
6777
2057
2064
8968
3925
5601
4914
4233
8354
10018
8356
1947
2042
4791
3815
8355
4088
466
5591
2322
3690
7297
8358
4082
3991
1956
5515
6774
2354
8352
581
2152
1600
84152
5594
4087
596
5606
808
1499
10398
8351
673
801
1326
2065
6775
9261
5241
7249
7535
25
2099
9212
2697
8357
933
4209
6778
3937
2185
5781
1365
4771
5923
2549
994
1969
3932
4776
207
5590
1843
355
595
2017
7054
6794
3480
2475
4205
2043
894
1978
8682
3563
7157
369
3875
1386
6004
2066
1869
2931
5595
3326
867
1026
5208
572
993
2260
1432
4000
805
5602
5599
1452
5331
31
3559
5159
8353
8350
3791
7430
29760
6790
2902
4208
