841
5335
11200
6885
5499
2887
5062
2057
2316
5893
898
5796
4914
4233
6722
5058
5894
5566
2042
4791
1965
4088
695
2322
387
9846
3459
4082
1956
1147
581
1460
1500
891
3065
5063
3454
1499
3297
2241
9261
7010
7249
25
2099
472
1017
8536
8844
4193
2185
6416
8517
1969
10254
4303
94274
207
3726
1759
2475
2043
637
2890
7534
842
1978
7157
6464
5879
1869
1938
867
5587
993
5336
2260
1432
1366
4792
1452
6714
238
9181
5159
3791
5321
3691
4988
29760
1616
6885
5499
2316
898
4914
7852
4233
5058
5566
118
5578
156
4088
695
2213
2322
6776
5580
1655
332
1956
3055
1600
4286
4087
7161
468
596
5606
1499
3717
10971
673
3297
2623
408
2099
7048
8536
2185
10014
4086
818
3932
847
207
3726
7529
4846
1020
595
7054
3480
6622
4582
816
817
5979
2002
9564
5888
7534
7157
6464
5728
8986
572
3738
6194
5295
9252
4792
1432
7409
2560
5159
8626
30818
5597
7454
2902
3875
4915
5562
6778
5335
841
6667
2932
598
22858
2596
5610
3383
1948
5781
2064
27071
8517
1500
1969
2047
10254
3172
3065
4303
5829
4609
4794
983
5336
6722
3587
2260
1366
6853
9759
2017
18712
84126
6794
7408
1947
3597
3815
10013
637
6857
3791
6795
842
5156
6850
8243
25865
6199
4067
25
7414
1398
1977
3066
331
11200
10298
6777
2057
2064
8968
3925
5601
4914
4233
8354
10018
8356
1947
2042
4791
3815
8355
4088
466
5591
2322
3690
7297
8358
4082
3991
1956
5515
6774
2354
8352
581
2152
1600
84152
5594
4087
596
5606
808
1499
10398
8351
673
801
1326
2065
6775
9261
5241
7249
7535
25
2099
9212
2697
8357
933
4209
6778
3937
2185
5781
1365
4771
5923
2549
994
1969
3932
4776
207
5590
1843
355
595
2017
7054
6794
3480
2475
4205
2043
894
1978
8682
3563
7157
369
3875
1386
6004
2066
1869
2931
5595
3326
867
1026
5208
572
993
2260
1432
4000
805
5602
5599
1452
5331
31
3559
5159
8353
8350
3791
7430
29760
6790
2902
4208
