,#node1,node2,node1_string_internal_id,node2_string_internal_id,node1_external_id,node2_external_id,neighborhood_on_chromosome,gene_fusion,phylogenetic_cooccurrence,homology,coexpression,experimentally_determined_interaction,database_annotated,automated_textmining,combined_score,lifespan_x,lifespan_y,edgetype
0,Acacb,Acaca,2098236,2094986,10090.ENSMUSP00000031583,10090.ENSMUSP00000020843,0.778,0.0,0.0,0.982,0.956,0.92,0.929,0.9279999999999999,0.9990000000000001,,,
1,Mad2l1,Cdc20,2110075,2093817,10090.ENSMUSP00000098897,10090.ENSMUSP00000006565,0.0,0.0,0.0,0.0,0.88,0.972,0.9,0.747,0.9990000000000001,,,
2,Fasn,Acacb,2102627,2098236,10090.ENSMUSP00000052872,10090.ENSMUSP00000031583,0.10300000000000001,0.0,0.0,0.0,0.855,0.0,0.9670000000000001,0.83,0.9990000000000001,,,
3,Mad2l1,Mad1l1,2110075,2098220,10090.ENSMUSP00000098897,10090.ENSMUSP00000031534,0.0,0.0,0.0,0.0,0.109,0.971,0.9,0.726,0.9990000000000001,,,
4,Trp53,Mdm4,2111141,2105341,10090.ENSMUSP00000104298,10090.ENSMUSP00000070411,0.0,0.0,0.0,0.0,0.0,0.953,0.9,0.83,0.9990000000000001,,,
5,Mad2l1,Bub1b,2110075,2099749,10090.ENSMUSP00000098897,10090.ENSMUSP00000037126,0.0,0.0,0.0,0.0,0.8079999999999999,0.965,0.9,0.78,0.9990000000000001,,reduced,
6,Mad2l1,Bub1,2110075,2097328,10090.ENSMUSP00000098897,10090.ENSMUSP00000028858,0.0,0.0,0.0,0.0,0.7170000000000001,0.965,0.8,0.7759999999999999,0.9990000000000001,,,
7,Mapkap1,Mlst8,2111755,2104608,10090.ENSMUSP00000108751,10090.ENSMUSP00000065004,0.0,0.0,0.0,0.0,0.049,0.875,0.95,0.882,0.9990000000000001,,,
8,Tsc2,Rheb,2109084,2097962,10090.ENSMUSP00000094986,10090.ENSMUSP00000030787,0.0,0.0,0.0,0.0,0.053,0.884,0.95,0.948,0.9990000000000001,,,
9,Ccnb2,Cdk1,2099229,2094764,10090.ENSMUSP00000034742,10090.ENSMUSP00000020099,0.0,0.0,0.0,0.0,0.9690000000000001,0.8640000000000001,0.95,0.733,0.9990000000000001,,,
10,Fasn,Acaca,2102627,2094986,10090.ENSMUSP00000052872,10090.ENSMUSP00000020843,0.10300000000000001,0.0,0.0,0.0,0.872,0.0,0.9670000000000001,0.96,0.9990000000000001,,,
11,Bub1b,Cdc20,2099749,2093817,10090.ENSMUSP00000037126,10090.ENSMUSP00000006565,0.0,0.0,0.0,0.0,0.898,0.953,0.9,0.9079999999999999,0.9990000000000001,reduced,,
12,Bub3,Bub1b,2107328,2099749,10090.ENSMUSP00000081547,10090.ENSMUSP00000037126,0.0,0.0,0.0,0.0,0.168,0.965,0.9,0.95,0.9990000000000001,,reduced,
13,Cbl,Grb2,2100642,2095072,10090.ENSMUSP00000041902,10090.ENSMUSP00000021090,0.0,0.0,0.0,0.0,0.102,0.875,0.95,0.85,0.9990000000000001,,,
14,Bub3,Bub1,2107328,2097328,10090.ENSMUSP00000081547,10090.ENSMUSP00000028858,0.0,0.0,0.0,0.0,0.203,0.965,0.9009999999999999,0.9390000000000001,0.9990000000000001,,,
15,Mtor,Rptor,2110226,2096691,10090.ENSMUSP00000099510,10090.ENSMUSP00000026671,0.0,0.0,0.0,0.0,0.48,0.94,0.9009999999999999,0.9540000000000001,0.9990000000000001,,,
16,Ccna2,Cdk1,2097462,2094764,10090.ENSMUSP00000029270,10090.ENSMUSP00000020099,0.0,0.013000000000000001,0.0,0.0,0.882,0.907,0.95,0.904,0.9990000000000001,,,
17,Mad2l1,Bub3,2110075,2107328,10090.ENSMUSP00000098897,10090.ENSMUSP00000081547,0.0,0.0,0.0,0.0,0.345,0.963,0.9,0.7190000000000001,0.9990000000000001,,,
18,Mtor,Mlst8,2110226,2104608,10090.ENSMUSP00000099510,10090.ENSMUSP00000065004,0.0,0.0,0.0,0.0,0.081,0.953,0.95,0.919,0.9990000000000001,,,
19,Birc5,Aurkb,2106931,2095125,10090.ENSMUSP00000079124,10090.ENSMUSP00000021277,0.0,0.0,0.0,0.0,0.847,0.42100000000000004,0.95,0.9009999999999999,0.9990000000000001,,,
20,Cdk1,Cdc20,2094764,2093817,10090.ENSMUSP00000020099,10090.ENSMUSP00000006565,0.0,0.0,0.0,0.0,0.893,0.789,0.9,0.903,0.9990000000000001,,,
21,Mtor,Rictor,2110226,2102432,10090.ENSMUSP00000099510,10090.ENSMUSP00000051809,0.0,0.0,0.0,0.0,0.147,0.905,0.95,0.951,0.9990000000000001,,,
22,Trp53,Crebbp,2111141,2095752,10090.ENSMUSP00000104298,10090.ENSMUSP00000023165,0.0,0.0,0.0,0.0,0.12,0.953,0.9009999999999999,0.86,0.9990000000000001,,,
23,Mtor,Tsc2,2110226,2109084,10090.ENSMUSP00000099510,10090.ENSMUSP00000094986,0.0,0.0,0.0,0.0,0.141,0.6809999999999999,0.95,0.9420000000000001,0.9990000000000001,,,
24,Ccna2,Cdc20,2097462,2093817,10090.ENSMUSP00000029270,10090.ENSMUSP00000006565,0.0,0.0,0.0,0.0,0.88,0.765,0.9,0.8240000000000001,0.9990000000000001,,,
25,Ccnb1,Cdk1,2105622,2094764,10090.ENSMUSP00000071989,10090.ENSMUSP00000020099,0.0,0.0,0.0,0.0,0.97,0.9620000000000001,0.95,0.81,0.9990000000000001,,,
26,Incenp,Aurkb,2096332,2095125,10090.ENSMUSP00000025562,10090.ENSMUSP00000021277,0.0,0.0,0.0,0.0,0.757,0.88,0.95,0.935,0.9990000000000001,,,
27,Plk1,Cdc20,2098695,2093817,10090.ENSMUSP00000033154,10090.ENSMUSP00000006565,0.0,0.0,0.0,0.0,0.9570000000000001,0.304,0.95,0.862,0.9990000000000001,,,
28,Sos1,Grb2,2104984,2095072,10090.ENSMUSP00000067786,10090.ENSMUSP00000021090,0.0,0.0,0.0,0.0,0.076,0.8540000000000001,0.95,0.9390000000000001,0.9990000000000001,,,
29,Mtor,Eif4ebp1,2110226,2098910,10090.ENSMUSP00000099510,10090.ENSMUSP00000033880,0.0,0.0,0.0,0.0,0.0,0.605,0.95,0.978,0.9990000000000001,,,
30,Birc5,Incenp,2106931,2096332,10090.ENSMUSP00000079124,10090.ENSMUSP00000025562,0.0,0.0,0.0,0.0,0.727,0.304,0.95,0.9179999999999999,0.9990000000000001,,,
31,Mtor,Akt1,2110226,2093284,10090.ENSMUSP00000099510,10090.ENSMUSP00000001780,0.0,0.0,0.0,0.0,0.07200000000000001,0.818,0.95,0.99,0.9990000000000001,,,
32,Acly,Acaca,2110942,2094986,10090.ENSMUSP00000103012,10090.ENSMUSP00000020843,0.379,0.0,0.0,0.0,0.961,0.065,0.8,0.861,0.9990000000000001,,,
33,Cdc27,Cdc20,2108514,2093817,10090.ENSMUSP00000091452,10090.ENSMUSP00000006565,0.0,0.0,0.0,0.0,0.1,0.951,0.9,0.893,0.9990000000000001,,,
34,Mapkap1,Rictor,2111755,2102432,10090.ENSMUSP00000108751,10090.ENSMUSP00000051809,0.0,0.0,0.0,0.0,0.092,0.888,0.95,0.9359999999999999,0.9990000000000001,,,
35,Rps6kb1,Mtor,2112781,2110226,10090.ENSMUSP00000119715,10090.ENSMUSP00000099510,0.0,0.0,0.0,0.0,0.055999999999999994,0.8420000000000001,0.95,0.98,0.9990000000000001,extened,,
36,Ndc80,Aurkb,2096108,2095125,10090.ENSMUSP00000024851,10090.ENSMUSP00000021277,0.0,0.0,0.0,0.0,0.8320000000000001,0.395,0.95,0.8540000000000001,0.9990000000000001,,,
37,Insr,Irs1,2108203,2104432,10090.ENSMUSP00000088837,10090.ENSMUSP00000063795,0.0,0.0,0.0,0.0,0.0,0.754,0.883,0.987,0.9990000000000001,extened,extened,extened;extened
38,Mcat,Oxsm,2102400,2095461,10090.ENSMUSP00000051569,10090.ENSMUSP00000022311,0.318,0.0,0.512,0.0,0.841,0.517,0.946,0.64,0.9990000000000001,extened,,
39,Mcat,Acaca,2102400,2094986,10090.ENSMUSP00000051569,10090.ENSMUSP00000020843,0.777,0.0,0.0,0.0,0.868,0.249,0.9670000000000001,0.6729999999999999,0.9990000000000001,extened,,
40,Mad2l1,Aurkb,2110075,2095125,10090.ENSMUSP00000098897,10090.ENSMUSP00000021277,0.0,0.0,0.0,0.0,0.897,0.914,0.9,0.65,0.9990000000000001,,,
41,Bub1b,Cdk1,2099749,2094764,10090.ENSMUSP00000037126,10090.ENSMUSP00000020099,0.0,0.0,0.0,0.0,0.8079999999999999,0.6809999999999999,0.95,0.787,0.9990000000000001,reduced,,
42,Grb2,Egfr,2095072,2094834,10090.ENSMUSP00000021090,10090.ENSMUSP00000020329,0.0,0.0,0.0,0.0,0.0,0.685,0.95,0.945,0.9990000000000001,,,
43,Cdca8,Birc5,2107296,2106931,10090.ENSMUSP00000081319,10090.ENSMUSP00000079124,0.0,0.0,0.0,0.0,0.857,0.7040000000000001,0.95,0.784,0.9990000000000001,,,
44,Mcat,Acacb,2102400,2098236,10090.ENSMUSP00000051569,10090.ENSMUSP00000031583,0.777,0.0,0.0,0.0,0.868,0.249,0.9670000000000001,0.659,0.9990000000000001,extened,,
45,Mlst8,Rictor,2104608,2102432,10090.ENSMUSP00000065004,10090.ENSMUSP00000051809,0.0,0.0,0.0,0.0,0.076,0.889,0.95,0.941,0.9990000000000001,,,
46,Mapkap1,Mtor,2111755,2110226,10090.ENSMUSP00000108751,10090.ENSMUSP00000099510,0.0,0.0,0.0,0.0,0.052000000000000005,0.895,0.95,0.861,0.9990000000000001,,,
47,Shc1,Grb2,2108594,2095072,10090.ENSMUSP00000091940,10090.ENSMUSP00000021090,0.0,0.0,0.0,0.0,0.054000000000000006,0.912,0.9009999999999999,0.9840000000000001,0.9990000000000001,extened,,
48,Bub1b,Aurkb,2099749,2095125,10090.ENSMUSP00000037126,10090.ENSMUSP00000021277,0.0,0.0,0.0,0.0,0.897,0.912,0.9,0.8240000000000001,0.9990000000000001,reduced,,
49,Ccna2,Cdk2,2097462,2096601,10090.ENSMUSP00000029270,10090.ENSMUSP00000026416,0.0,0.01,0.0,0.0,0.465,0.983,0.95,0.9059999999999999,0.9990000000000001,,,
50,Hlcs,Acaca,2109622,2094986,10090.ENSMUSP00000097112,10090.ENSMUSP00000020843,0.777,0.0,0.0,0.0,0.679,0.787,0.9,0.665,0.9990000000000001,,,
51,Trp53,Mdm2,2111141,2094859,10090.ENSMUSP00000104298,10090.ENSMUSP00000020408,0.0,0.0,0.0,0.0,0.16699999999999998,0.772,0.95,0.982,0.9990000000000001,,,
52,Hlcs,Acacb,2109622,2098236,10090.ENSMUSP00000097112,10090.ENSMUSP00000031583,0.777,0.0,0.0,0.0,0.679,0.787,0.9,0.659,0.9990000000000001,,,
53,Cdk2,Cdkn1a,2096601,2095964,10090.ENSMUSP00000026416,10090.ENSMUSP00000023829,0.0,0.0,0.0,0.0,0.0,0.6609999999999999,0.95,0.9259999999999999,0.998,,,
54,Tsc2,Akt1,2109084,2093284,10090.ENSMUSP00000094986,10090.ENSMUSP00000001780,0.0,0.0,0.0,0.0,0.09,0.40700000000000003,0.95,0.95,0.998,,,
55,Mlst8,Rptor,2104608,2096691,10090.ENSMUSP00000065004,10090.ENSMUSP00000026671,0.0,0.0,0.0,0.0,0.0,0.679,0.9009999999999999,0.9470000000000001,0.998,,,
56,Ccnb1,Cdk2,2105622,2096601,10090.ENSMUSP00000071989,10090.ENSMUSP00000026416,0.0,0.0,0.0,0.0,0.8690000000000001,0.934,0.528,0.7340000000000001,0.998,,,
57,Ccnb2,Ccna2,2099229,2097462,10090.ENSMUSP00000034742,10090.ENSMUSP00000029270,0.0,0.0,0.0,0.755,0.987,0.7759999999999999,0.379,0.807,0.998,,,
58,Atm,Rad17,2112380,2095404,10090.ENSMUSP00000113388,10090.ENSMUSP00000022136,0.0,0.0,0.0,0.0,0.145,0.773,0.95,0.857,0.998,reduced,,
59,Anapc10,Cdc16,2101817,2101759,10090.ENSMUSP00000048244,10090.ENSMUSP00000047950,0.0,0.0,0.0,0.0,0.09300000000000001,0.963,0.9,0.5589999999999999,0.998,,,
60,Atm,H2afx,2112380,2102373,10090.ENSMUSP00000113388,10090.ENSMUSP00000051432,0.0,0.0,0.0,0.0,0.0,0.545,0.95,0.9440000000000001,0.998,reduced,,
61,Cbl,Egfr,2100642,2094834,10090.ENSMUSP00000041902,10090.ENSMUSP00000020329,0.0,0.0,0.0,0.0,0.0,0.845,0.95,0.818,0.998,,,
62,Ccnb1,Ccna2,2105622,2097462,10090.ENSMUSP00000071989,10090.ENSMUSP00000029270,0.0,0.0,0.0,0.7609999999999999,0.986,0.7759999999999999,0.379,0.856,0.998,,,
63,Cenpa,Aurkb,2112931,2095125,10090.ENSMUSP00000122831,10090.ENSMUSP00000021277,0.0,0.0,0.0,0.0,0.657,0.401,0.95,0.873,0.998,,,
64,Bub1,Ndc80,2097328,2096108,10090.ENSMUSP00000028858,10090.ENSMUSP00000024851,0.0,0.0,0.0,0.0,0.883,0.8290000000000001,0.72,0.78,0.998,,,
65,Bub1b,Plk1,2099749,2098695,10090.ENSMUSP00000037126,10090.ENSMUSP00000033154,0.0,0.0,0.0,0.0,0.7759999999999999,0.111,0.95,0.823,0.998,reduced,,
66,Kif2c,Aurkb,2104499,2095125,10090.ENSMUSP00000064261,10090.ENSMUSP00000021277,0.0,0.0,0.0,0.0,0.7140000000000001,0.115,0.95,0.8590000000000001,0.998,,,
67,Bub1b,Bub1,2099749,2097328,10090.ENSMUSP00000037126,10090.ENSMUSP00000028858,0.0,0.0,0.0,0.617,0.75,0.965,0.72,0.8640000000000001,0.998,reduced,,
68,Bub3,Mad1l1,2107328,2098220,10090.ENSMUSP00000081547,10090.ENSMUSP00000031534,0.0,0.0,0.0,0.0,0.14,0.963,0.9,0.6809999999999999,0.998,,,
69,Bub1b,Mad1l1,2099749,2098220,10090.ENSMUSP00000037126,10090.ENSMUSP00000031534,0.0,0.0,0.0,0.0,0.063,0.963,0.9,0.636,0.998,reduced,,
70,Ccnb1,Plk1,2105622,2098695,10090.ENSMUSP00000071989,10090.ENSMUSP00000033154,0.0,0.0,0.0,0.0,0.9470000000000001,0.34,0.9,0.7240000000000001,0.998,,,
71,Lcp2,Grb2,2113352,2095072,10090.ENSMUSP00000126796,10090.ENSMUSP00000021090,0.0,0.0,0.0,0.0,0.046,0.83,0.95,0.8,0.998,,,
72,Bub3,Cdc20,2107328,2093817,10090.ENSMUSP00000081547,10090.ENSMUSP00000006565,0.0,0.0,0.0,0.0,0.17,0.752,0.9,0.929,0.998,,,
73,Cdca8,Aurkb,2107296,2095125,10090.ENSMUSP00000081319,10090.ENSMUSP00000021277,0.0,0.0,0.0,0.0,0.84,0.111,0.95,0.855,0.998,,,
74,Cdc27,Anapc10,2108514,2101817,10090.ENSMUSP00000091452,10090.ENSMUSP00000048244,0.0,0.0,0.0,0.0,0.195,0.9670000000000001,0.9,0.547,0.998,,,
75,Pten,Akt1,2094170,2093284,10090.ENSMUSP00000013807,10090.ENSMUSP00000001780,0.0,0.0,0.0,0.0,0.068,0.409,0.8,0.986,0.998,,,
76,Cdc27,Anapc1,2108514,2094204,10090.ENSMUSP00000091452,10090.ENSMUSP00000014499,0.0,0.0,0.0,0.0,0.19699999999999998,0.9590000000000001,0.9,0.682,0.998,,,
77,Anapc10,Cdc20,2101817,2093817,10090.ENSMUSP00000048244,10090.ENSMUSP00000006565,0.0,0.0,0.0,0.0,0.16,0.972,0.9,0.498,0.998,,,
78,Bcl2,Trp53,2111690,2111141,10090.ENSMUSP00000108371,10090.ENSMUSP00000104298,0.0,0.0,0.0,0.0,0.0,0.20199999999999999,0.9009999999999999,0.981,0.998,,,
79,Rps6kb1,Rps6,2112781,2110399,10090.ENSMUSP00000119715,10090.ENSMUSP00000099878,0.0,0.0,0.0,0.0,0.047,0.746,0.95,0.86,0.998,extened,,
80,Ccnb1,Cdc20,2105622,2093817,10090.ENSMUSP00000071989,10090.ENSMUSP00000006565,0.0,0.0,0.0,0.0,0.879,0.6940000000000001,0.9,0.752,0.998,,,
81,Ttk,Bub1b,2104584,2099749,10090.ENSMUSP00000064839,10090.ENSMUSP00000037126,0.0,0.0,0.0,0.0,0.852,0.965,0.0,0.6609999999999999,0.998,,reduced,
82,Cdc27,Bub1b,2108514,2099749,10090.ENSMUSP00000091452,10090.ENSMUSP00000037126,0.0,0.0,0.0,0.0,0.124,0.965,0.9,0.479,0.998,,reduced,
83,Atm,Mre11a,2112380,2099107,10090.ENSMUSP00000113388,10090.ENSMUSP00000034405,0.0,0.0,0.0,0.0,0.11900000000000001,0.555,0.95,0.938,0.998,reduced,,
84,Acly,Acacb,2110942,2098236,10090.ENSMUSP00000103012,10090.ENSMUSP00000031583,0.379,0.0,0.0,0.0,0.956,0.065,0.8,0.8140000000000001,0.998,,,
85,Cdc16,Cdc20,2101759,2093817,10090.ENSMUSP00000047950,10090.ENSMUSP00000006565,0.0,0.0,0.0,0.0,0.10300000000000001,0.943,0.9,0.708,0.998,,,
86,Ube2c,Cdc20,2107801,2093817,10090.ENSMUSP00000085581,10090.ENSMUSP00000006565,0.0,0.0,0.0,0.0,0.8240000000000001,0.7759999999999999,0.9,0.629,0.998,,,
87,Aurka,Cdc20,2097382,2093817,10090.ENSMUSP00000028997,10090.ENSMUSP00000006565,0.0,0.0,0.0,0.0,0.889,0.111,0.9,0.846,0.998,,,
88,Mtor,Rheb,2110226,2097962,10090.ENSMUSP00000099510,10090.ENSMUSP00000030787,0.0,0.0,0.0,0.0,0.049,0.39399999999999996,0.95,0.943,0.998,,,
89,Atm,Chek2,2112380,2104828,10090.ENSMUSP00000113388,10090.ENSMUSP00000066679,0.0,0.0,0.0,0.0,0.054000000000000006,0.365,0.95,0.965,0.998,reduced,,
90,Trp53,Pten,2111141,2094170,10090.ENSMUSP00000104298,10090.ENSMUSP00000013807,0.0,0.0,0.0,0.0,0.0,0.545,0.95,0.92,0.998,,,
91,Bub1,Aurkb,2097328,2095125,10090.ENSMUSP00000028858,10090.ENSMUSP00000021277,0.0,0.0,0.0,0.0,0.795,0.9109999999999999,0.528,0.805,0.998,,,
92,Cenpe,Bub1b,2103478,2099749,10090.ENSMUSP00000057938,10090.ENSMUSP00000037126,0.0,0.0,0.0,0.0,0.655,0.596,0.9,0.882,0.998,,reduced,
93,Aurkb,Cdc20,2095125,2093817,10090.ENSMUSP00000021277,10090.ENSMUSP00000006565,0.0,0.0,0.0,0.0,0.897,0.111,0.9,0.861,0.998,,,
94,Insr,Irs2,2108203,2100009,10090.ENSMUSP00000088837,10090.ENSMUSP00000038514,0.0,0.0,0.0,0.0,0.0,0.5770000000000001,0.95,0.941,0.998,extened,extened,extened;extened
95,Bub3,Aurkb,2107328,2095125,10090.ENSMUSP00000081547,10090.ENSMUSP00000021277,0.0,0.0,0.0,0.0,0.369,0.91,0.9,0.784,0.998,,,
96,Ccnb2,Cdc20,2099229,2093817,10090.ENSMUSP00000034742,10090.ENSMUSP00000006565,0.0,0.0,0.0,0.0,0.8809999999999999,0.6940000000000001,0.9,0.711,0.998,,,
97,Bub1b,Anapc1,2099749,2094204,10090.ENSMUSP00000037126,10090.ENSMUSP00000014499,0.0,0.0,0.0,0.0,0.075,0.965,0.9,0.384,0.997,reduced,,
98,Trp53,Cdkn1a,2111141,2095964,10090.ENSMUSP00000104298,10090.ENSMUSP00000023829,0.0,0.0,0.0,0.0,0.0,0.528,0.9009999999999999,0.958,0.997,,,
99,Mdm4,Mdm2,2105341,2094859,10090.ENSMUSP00000070411,10090.ENSMUSP00000020408,0.0,0.0,0.0,0.7709999999999999,0.051,0.932,0.95,0.8009999999999999,0.997,,,
100,Cdc16,Bub1b,2101759,2099749,10090.ENSMUSP00000047950,10090.ENSMUSP00000037126,0.0,0.0,0.0,0.0,0.165,0.965,0.9,0.375,0.997,,reduced,
101,Ccnb1,Aurkb,2105622,2095125,10090.ENSMUSP00000071989,10090.ENSMUSP00000021277,0.0,0.0,0.0,0.0,0.9109999999999999,0.17,0.9,0.6509999999999999,0.997,,,
102,Cdc16,Anapc1,2101759,2094204,10090.ENSMUSP00000047950,10090.ENSMUSP00000014499,0.0,0.0,0.0,0.0,0.152,0.924,0.9,0.682,0.997,,,
103,Bub1,Cdc20,2097328,2093817,10090.ENSMUSP00000028858,10090.ENSMUSP00000006565,0.0,0.0,0.0,0.0,0.767,0.815,0.0,0.94,0.997,,,
104,Trp53,Ep300,2111141,2104849,10090.ENSMUSP00000104298,10090.ENSMUSP00000066789,0.0,0.0,0.0,0.0,0.0,0.8909999999999999,0.95,0.653,0.997,,,
105,Atm,Chek1,2112380,2099199,10090.ENSMUSP00000113388,10090.ENSMUSP00000034625,0.0,0.0,0.0,0.0,0.05,0.174,0.95,0.9420000000000001,0.997,reduced,,
106,Kl,Fgf23,2106690,2093067,10090.ENSMUSP00000077899,10090.ENSMUSP00000000186,0.0,0.0,0.0,0.0,0.0,0.064,0.95,0.9470000000000001,0.997,reduced,,
107,Plk1,Aurkb,2098695,2095125,10090.ENSMUSP00000033154,10090.ENSMUSP00000021277,0.0,0.0,0.0,0.78,0.863,0.616,0.9359999999999999,0.813,0.997,,,
108,Cdc27,Cdc16,2108514,2101759,10090.ENSMUSP00000091452,10090.ENSMUSP00000047950,0.0,0.0,0.0,0.62,0.16,0.9640000000000001,0.9,0.9229999999999999,0.997,,,
109,Birc5,Cdk1,2106931,2094764,10090.ENSMUSP00000079124,10090.ENSMUSP00000020099,0.0,0.0,0.0,0.0,0.8859999999999999,0.111,0.9,0.76,0.997,,,
110,Ttk,Bub1,2104584,2097328,10090.ENSMUSP00000064839,10090.ENSMUSP00000028858,0.0,0.0,0.0,0.0,0.8009999999999999,0.9640000000000001,0.0,0.6829999999999999,0.997,,,
111,Ccnb2,Plk1,2099229,2098695,10090.ENSMUSP00000034742,10090.ENSMUSP00000033154,0.0,0.0,0.0,0.0,0.9,0.34,0.9,0.662,0.997,,,
112,Atm,Trp53,2112380,2111141,10090.ENSMUSP00000113388,10090.ENSMUSP00000104298,0.0,0.0,0.0,0.0,0.0,0.43200000000000005,0.95,0.9229999999999999,0.997,reduced,,
113,Cdca8,Incenp,2107296,2096332,10090.ENSMUSP00000081319,10090.ENSMUSP00000025562,0.0,0.0,0.0,0.0,0.713,0.10800000000000001,0.95,0.8390000000000001,0.997,,,
114,Rictor,Akt1,2102432,2093284,10090.ENSMUSP00000051809,10090.ENSMUSP00000001780,0.0,0.0,0.0,0.0,0.091,0.585,0.95,0.883,0.997,,,
115,Anapc10,Bub1b,2101817,2099749,10090.ENSMUSP00000048244,10090.ENSMUSP00000037126,0.0,0.0,0.0,0.0,0.17,0.965,0.9,0.10099999999999999,0.997,,reduced,
116,Mad2l1,Cdk1,2110075,2094764,10090.ENSMUSP00000098897,10090.ENSMUSP00000020099,0.0,0.0,0.0,0.0,0.929,0.157,0.9,0.621,0.997,,,
117,Mad2l1,Cdc16,2110075,2101759,10090.ENSMUSP00000098897,10090.ENSMUSP00000047950,0.0,0.0,0.0,0.0,0.10400000000000001,0.955,0.9,0.455,0.997,,,
118,Trp53,Cdk2,2111141,2096601,10090.ENSMUSP00000104298,10090.ENSMUSP00000026416,0.0,0.0,0.0,0.0,0.052000000000000005,0.544,0.95,0.889,0.997,,,
119,Mad2l1,Ccnb1,2110075,2105622,10090.ENSMUSP00000098897,10090.ENSMUSP00000071989,0.0,0.0,0.0,0.0,0.898,0.115,0.9,0.613,0.996,,,
120,Shc1,Egfr,2108594,2094834,10090.ENSMUSP00000091940,10090.ENSMUSP00000020329,0.0,0.0,0.0,0.0,0.0,0.6659999999999999,0.9009999999999999,0.914,0.996,extened,,
121,Birc5,Plk1,2106931,2098695,10090.ENSMUSP00000079124,10090.ENSMUSP00000033154,0.0,0.0,0.0,0.0,0.857,0.071,0.9,0.7909999999999999,0.996,,,
122,Aurkb,Cdk1,2095125,2094764,10090.ENSMUSP00000021277,10090.ENSMUSP00000020099,0.0,0.0,0.41100000000000003,0.7509999999999999,0.925,0.319,0.9,0.8240000000000001,0.996,,,
123,Ccnb2,Aurkb,2099229,2095125,10090.ENSMUSP00000034742,10090.ENSMUSP00000021277,0.0,0.0,0.0,0.0,0.897,0.17,0.9,0.608,0.996,,,
124,Aurka,Incenp,2097382,2096332,10090.ENSMUSP00000028997,10090.ENSMUSP00000025562,0.0,0.0,0.0,0.0,0.81,0.88,0.39299999999999996,0.76,0.996,,,
125,Bub1b,Aurka,2099749,2097382,10090.ENSMUSP00000037126,10090.ENSMUSP00000028997,0.0,0.0,0.0,0.0,0.883,0.912,0.0,0.725,0.996,reduced,,
126,Acacb,Oxsm,2098236,2095461,10090.ENSMUSP00000031583,10090.ENSMUSP00000022311,0.777,0.0,0.0,0.0,0.863,0.295,0.619,0.659,0.996,,,
127,Bub1b,Ndc80,2099749,2096108,10090.ENSMUSP00000037126,10090.ENSMUSP00000024851,0.0,0.0,0.0,0.0,0.879,0.106,0.9,0.7070000000000001,0.996,reduced,,
128,Plk1,Aurka,2098695,2097382,10090.ENSMUSP00000033154,10090.ENSMUSP00000028997,0.0,0.0,0.0,0.743,0.77,0.616,0.95,0.8909999999999999,0.996,,,
129,Ccnb2,Cdk2,2099229,2096601,10090.ENSMUSP00000034742,10090.ENSMUSP00000026416,0.0,0.0,0.0,0.0,0.861,0.8640000000000001,0.528,0.6729999999999999,0.996,,,
130,Ttk,Mad1l1,2104584,2098220,10090.ENSMUSP00000064839,10090.ENSMUSP00000031534,0.0,0.0,0.0,0.0,0.111,0.965,0.8,0.555,0.996,,,
131,Mad2l1,Ttk,2110075,2104584,10090.ENSMUSP00000098897,10090.ENSMUSP00000064839,0.0,0.0,0.0,0.0,0.745,0.965,0.0,0.627,0.996,,,
132,Chek2,H2afx,2104828,2102373,10090.ENSMUSP00000066679,10090.ENSMUSP00000051432,0.0,0.0,0.0,0.0,0.091,0.113,0.95,0.9129999999999999,0.996,,,
133,Oxsm,Acaca,2095461,2094986,10090.ENSMUSP00000022311,10090.ENSMUSP00000020843,0.777,0.0,0.0,0.0,0.863,0.295,0.619,0.6759999999999999,0.996,,,
134,Birc5,Aurka,2106931,2097382,10090.ENSMUSP00000079124,10090.ENSMUSP00000028997,0.0,0.0,0.0,0.0,0.8390000000000001,0.42100000000000004,0.773,0.8540000000000001,0.996,,,
135,Ccnb1,Bub1b,2105622,2099749,10090.ENSMUSP00000071989,10090.ENSMUSP00000037126,0.0,0.0,0.0,0.0,0.856,0.1,0.95,0.5,0.996,,reduced,
136,Anapc10,Anapc1,2101817,2094204,10090.ENSMUSP00000048244,10090.ENSMUSP00000014499,0.0,0.0,0.0,0.0,0.049,0.917,0.9,0.595,0.996,,,
137,Aurka,Bub1,2097382,2097328,10090.ENSMUSP00000028997,10090.ENSMUSP00000028858,0.0,0.0,0.0,0.0,0.715,0.9109999999999999,0.39299999999999996,0.768,0.995,,,
138,Rheb,Rptor,2097962,2096691,10090.ENSMUSP00000030787,10090.ENSMUSP00000026671,0.0,0.0,0.0,0.0,0.069,0.5539999999999999,0.9009999999999999,0.898,0.995,,,
139,Irs1,Igf1r,2104432,2093723,10090.ENSMUSP00000063795,10090.ENSMUSP00000005671,0.0,0.0,0.0,0.0,0.0,0.733,0.883,0.875,0.995,extened,extened,extened;extened
140,Bcl2,Akt1,2111690,2093284,10090.ENSMUSP00000108371,10090.ENSMUSP00000001780,0.0,0.0,0.0,0.0,0.049,0.047,0.9009999999999999,0.955,0.995,,,
141,Trp53,Chek2,2111141,2104828,10090.ENSMUSP00000104298,10090.ENSMUSP00000066679,0.0,0.0,0.0,0.0,0.054000000000000006,0.111,0.95,0.905,0.995,,,
142,Chek1,Rad17,2099199,2095404,10090.ENSMUSP00000034625,10090.ENSMUSP00000022136,0.0,0.0,0.0,0.0,0.092,0.223,0.95,0.8909999999999999,0.995,,,
143,Trp53,Chek1,2111141,2099199,10090.ENSMUSP00000104298,10090.ENSMUSP00000034625,0.0,0.0,0.0,0.0,0.053,0.111,0.95,0.902,0.995,,,
144,Rps6kb1,Rptor,2112781,2096691,10090.ENSMUSP00000119715,10090.ENSMUSP00000026671,0.0,0.0,0.0,0.0,0.156,0.424,0.9009999999999999,0.922,0.995,extened,,
145,Mad1l1,Aurkb,2098220,2095125,10090.ENSMUSP00000031534,10090.ENSMUSP00000021277,0.0,0.0,0.0,0.0,0.094,0.9109999999999999,0.9,0.494,0.995,,,
146,Anapc1,Cdc20,2094204,2093817,10090.ENSMUSP00000014499,10090.ENSMUSP00000006565,0.0,0.0,0.0,0.0,0.046,0.903,0.9,0.564,0.995,,,
147,Ccnb1,Ccnb2,2105622,2099229,10090.ENSMUSP00000071989,10090.ENSMUSP00000034742,0.0,0.0,0.0,0.948,0.8240000000000001,0.5539999999999999,0.95,0.634,0.995,,,
148,Plk1,Cdk1,2098695,2094764,10090.ENSMUSP00000033154,10090.ENSMUSP00000020099,0.0,0.0,0.0,0.669,0.87,0.552,0.9,0.922,0.995,,,
149,Eif4ebp1,Rptor,2098910,2096691,10090.ENSMUSP00000033880,10090.ENSMUSP00000026671,0.0,0.0,0.0,0.0,0.0,0.40299999999999997,0.9009999999999999,0.924,0.995,,,
150,Mad2l1,Ndc80,2110075,2096108,10090.ENSMUSP00000098897,10090.ENSMUSP00000024851,0.0,0.0,0.0,0.0,0.765,0.539,0.9,0.597,0.995,,,
151,Mad2l1,Aurka,2110075,2097382,10090.ENSMUSP00000098897,10090.ENSMUSP00000028997,0.0,0.0,0.0,0.0,0.82,0.914,0.0,0.649,0.9940000000000001,,,
152,Mapkap1,Akt1,2111755,2093284,10090.ENSMUSP00000108751,10090.ENSMUSP00000001780,0.0,0.0,0.0,0.0,0.051,0.662,0.95,0.684,0.9940000000000001,,,
153,Plk1,Incenp,2098695,2096332,10090.ENSMUSP00000033154,10090.ENSMUSP00000025562,0.0,0.0,0.0,0.0,0.835,0.107,0.9,0.6970000000000001,0.9940000000000001,,,
154,Cdca8,Cdc20,2107296,2093817,10090.ENSMUSP00000081319,10090.ENSMUSP00000006565,0.0,0.0,0.0,0.0,0.897,0.0,0.9,0.537,0.9940000000000001,,,
155,Sos1,Egfr,2104984,2094834,10090.ENSMUSP00000067786,10090.ENSMUSP00000020329,0.0,0.0,0.0,0.0,0.051,0.48,0.95,0.787,0.9940000000000001,,,
156,Mad2l1,Birc5,2110075,2106931,10090.ENSMUSP00000098897,10090.ENSMUSP00000079124,0.0,0.0,0.0,0.0,0.9229999999999999,0.0,0.9,0.31,0.9940000000000001,,,
157,Ndc80,Cdc20,2096108,2093817,10090.ENSMUSP00000024851,10090.ENSMUSP00000006565,0.0,0.0,0.0,0.0,0.86,0.0,0.9,0.64,0.9940000000000001,,,
158,Cdkn1a,Akt1,2095964,2093284,10090.ENSMUSP00000023829,10090.ENSMUSP00000001780,0.0,0.0,0.0,0.0,0.0,0.203,0.95,0.8590000000000001,0.9940000000000001,,,
159,Incenp,Cdc20,2096332,2093817,10090.ENSMUSP00000025562,10090.ENSMUSP00000006565,0.0,0.0,0.0,0.0,0.8440000000000001,0.0,0.9,0.6509999999999999,0.9940000000000001,,,
160,Mad2l1,Ccna2,2110075,2097462,10090.ENSMUSP00000098897,10090.ENSMUSP00000029270,0.0,0.0,0.0,0.0,0.9,0.115,0.9,0.478,0.9940000000000001,,,
161,Kif2c,Plk1,2104499,2098695,10090.ENSMUSP00000064261,10090.ENSMUSP00000033154,0.0,0.0,0.0,0.0,0.718,0.111,0.94,0.695,0.9940000000000001,,,
162,Mad2l1,Plk1,2110075,2098695,10090.ENSMUSP00000098897,10090.ENSMUSP00000033154,0.0,0.0,0.0,0.0,0.8320000000000001,0.17,0.9,0.622,0.9940000000000001,,,
163,Mre11a,Rad17,2099107,2095404,10090.ENSMUSP00000034405,10090.ENSMUSP00000022136,0.0,0.0,0.0,0.0,0.155,0.746,0.9,0.782,0.9940000000000001,,,
164,Irs2,Grb2,2100009,2095072,10090.ENSMUSP00000038514,10090.ENSMUSP00000021090,0.0,0.0,0.0,0.0,0.0,0.32799999999999996,0.9359999999999999,0.862,0.993,extened,,
165,Plk1,Ndc80,2098695,2096108,10090.ENSMUSP00000033154,10090.ENSMUSP00000024851,0.0,0.0,0.0,0.0,0.7490000000000001,0.188,0.95,0.45899999999999996,0.993,,,
166,Cdc27,Bub3,2108514,2107328,10090.ENSMUSP00000091452,10090.ENSMUSP00000081547,0.0,0.0,0.0,0.0,0.11599999999999999,0.812,0.9,0.665,0.993,,,
167,Ube2c,Cdc16,2107801,2101759,10090.ENSMUSP00000085581,10090.ENSMUSP00000047950,0.0,0.0,0.0,0.0,0.094,0.897,0.9,0.382,0.993,,,
168,Chek2,Mre11a,2104828,2099107,10090.ENSMUSP00000066679,10090.ENSMUSP00000034405,0.0,0.0,0.0,0.0,0.052000000000000005,0.099,0.95,0.873,0.993,,,
169,Mre11a,Wrn,2099107,2098950,10090.ENSMUSP00000034405,10090.ENSMUSP00000033990,0.061,0.0,0.0,0.0,0.085,0.688,0.9,0.8059999999999999,0.993,,reduced,
170,Cdca8,Cdk1,2107296,2094764,10090.ENSMUSP00000081319,10090.ENSMUSP00000020099,0.0,0.0,0.0,0.0,0.879,0.0,0.9,0.48,0.993,,,
171,Rps6kb1,Irs1,2112781,2104432,10090.ENSMUSP00000119715,10090.ENSMUSP00000063795,0.0,0.0,0.0,0.0,0.0,0.541,0.883,0.88,0.993,extened,extened,extened;extened
172,Trp53,Akt1,2111141,2093284,10090.ENSMUSP00000104298,10090.ENSMUSP00000001780,0.0,0.0,0.0,0.0,0.051,0.07200000000000001,0.917,0.914,0.993,,,
173,Ndc80,Cdk1,2096108,2094764,10090.ENSMUSP00000024851,10090.ENSMUSP00000020099,0.0,0.0,0.0,0.0,0.8420000000000001,0.0,0.9,0.598,0.993,,,
174,Plk1,Bub1,2098695,2097328,10090.ENSMUSP00000033154,10090.ENSMUSP00000028858,0.0,0.0,0.0,0.0,0.7490000000000001,0.402,0.862,0.7070000000000001,0.993,,,
175,Mad2l1,Ccnb2,2110075,2099229,10090.ENSMUSP00000098897,10090.ENSMUSP00000034742,0.0,0.0,0.0,0.0,0.7979999999999999,0.115,0.9,0.659,0.993,,,
176,Rptor,Akt1,2096691,2093284,10090.ENSMUSP00000026671,10090.ENSMUSP00000001780,0.0,0.0,0.0,0.0,0.156,0.424,0.9009999999999999,0.8809999999999999,0.993,,,
177,Cenpa,Incenp,2112931,2096332,10090.ENSMUSP00000122831,10090.ENSMUSP00000025562,0.0,0.0,0.0,0.0,0.585,0.064,0.95,0.632,0.992,,,
178,Birc5,Kif2c,2106931,2104499,10090.ENSMUSP00000079124,10090.ENSMUSP00000064261,0.0,0.0,0.0,0.0,0.762,0.0,0.95,0.414,0.992,,,
179,Insr,Igf1,2108203,2103282,10090.ENSMUSP00000088837,10090.ENSMUSP00000056668,0.0,0.0,0.0,0.0,0.0,0.11,0.9009999999999999,0.922,0.992,extened,extened,extened;extened
180,Cdca8,Plk1,2107296,2098695,10090.ENSMUSP00000081319,10090.ENSMUSP00000033154,0.0,0.0,0.0,0.0,0.85,0.0,0.9,0.518,0.992,,,
181,Mad2l1,Anapc10,2110075,2101817,10090.ENSMUSP00000098897,10090.ENSMUSP00000048244,0.0,0.0,0.0,0.0,0.128,0.9159999999999999,0.9,0.128,0.992,,,
182,Aurka,Cdk1,2097382,2094764,10090.ENSMUSP00000028997,10090.ENSMUSP00000020099,0.0,0.0,0.41,0.7609999999999999,0.868,0.319,0.9,0.802,0.992,,,
183,Cdca8,Bub1b,2107296,2099749,10090.ENSMUSP00000081319,10090.ENSMUSP00000037126,0.0,0.0,0.0,0.0,0.812,0.0,0.9,0.607,0.992,,reduced,
184,Kif2c,Incenp,2104499,2096332,10090.ENSMUSP00000064261,10090.ENSMUSP00000025562,0.0,0.0,0.0,0.0,0.579,0.0,0.95,0.6809999999999999,0.992,,,
185,Igf1,Igf1r,2103282,2093723,10090.ENSMUSP00000056668,10090.ENSMUSP00000005671,0.0,0.0,0.0,0.0,0.0,0.11,0.9009999999999999,0.925,0.992,extened,extened,extened;extened
186,Birc5,Cdc20,2106931,2093817,10090.ENSMUSP00000079124,10090.ENSMUSP00000006565,0.0,0.0,0.0,0.0,0.855,0.0,0.9,0.495,0.992,,,
187,Ube2c,Aurkb,2107801,2095125,10090.ENSMUSP00000085581,10090.ENSMUSP00000021277,0.0,0.0,0.0,0.0,0.8909999999999999,0.0,0.9,0.363,0.992,,,
188,Kif2c,Cdc20,2104499,2093817,10090.ENSMUSP00000064261,10090.ENSMUSP00000006565,0.0,0.0,0.0,0.0,0.85,0.115,0.9,0.498,0.992,,,
189,Mdm2,Akt1,2094859,2093284,10090.ENSMUSP00000020408,10090.ENSMUSP00000001780,0.0,0.0,0.0,0.0,0.0,0.258,0.95,0.807,0.992,,,
190,Incenp,Cdk1,2096332,2094764,10090.ENSMUSP00000025562,10090.ENSMUSP00000020099,0.0,0.0,0.0,0.0,0.667,0.10099999999999999,0.9,0.7659999999999999,0.992,,,
191,Irs1,Grb2,2104432,2095072,10090.ENSMUSP00000063795,10090.ENSMUSP00000021090,0.0,0.0,0.0,0.0,0.0,0.302,0.883,0.904,0.991,extened,,
192,Cdc27,Cdk1,2108514,2094764,10090.ENSMUSP00000091452,10090.ENSMUSP00000020099,0.0,0.0,0.0,0.0,0.08800000000000001,0.6809999999999999,0.9,0.745,0.991,,,
193,Irs2,Igf1r,2100009,2093723,10090.ENSMUSP00000038514,10090.ENSMUSP00000005671,0.0,0.0,0.0,0.0,0.0,0.5770000000000001,0.9009999999999999,0.813,0.991,extened,extened,extened;extened
194,Birc5,Ccnb1,2106931,2105622,10090.ENSMUSP00000079124,10090.ENSMUSP00000071989,0.0,0.0,0.0,0.0,0.858,0.114,0.9,0.387,0.991,,,
195,Birc5,Ccnb2,2106931,2099229,10090.ENSMUSP00000079124,10090.ENSMUSP00000034742,0.0,0.0,0.0,0.0,0.867,0.114,0.9,0.374,0.991,,,
196,Cdca8,Kif2c,2107296,2104499,10090.ENSMUSP00000081319,10090.ENSMUSP00000064261,0.0,0.0,0.0,0.0,0.72,0.062,0.95,0.442,0.991,,,
197,Bub1,Cdk1,2097328,2094764,10090.ENSMUSP00000028858,10090.ENSMUSP00000020099,0.0,0.0,0.0,0.0,0.818,0.634,0.528,0.75,0.991,,,
198,Cenpa,Cdca8,2112931,2107296,10090.ENSMUSP00000122831,10090.ENSMUSP00000081319,0.0,0.0,0.0,0.0,0.6829999999999999,0.064,0.95,0.503,0.991,,,
199,Bub1b,Ccnb2,2099749,2099229,10090.ENSMUSP00000037126,10090.ENSMUSP00000034742,0.0,0.0,0.0,0.0,0.7090000000000001,0.1,0.94,0.47200000000000003,0.99,reduced,,
200,Atm,Wrn,2112380,2098950,10090.ENSMUSP00000113388,10090.ENSMUSP00000033990,0.0,0.0,0.0,0.0,0.075,0.414,0.9359999999999999,0.7559999999999999,0.99,reduced,reduced,reduced;reduced
201,Plk1,Ccna2,2098695,2097462,10090.ENSMUSP00000033154,10090.ENSMUSP00000029270,0.0,0.0,0.0,0.0,0.9309999999999999,0.552,0.0,0.706,0.99,,,
202,Chek1,Mre11a,2099199,2099107,10090.ENSMUSP00000034625,10090.ENSMUSP00000034405,0.0,0.0,0.0,0.0,0.204,0.0,0.9,0.885,0.99,,,
203,Mlst8,Eif4ebp1,2104608,2098910,10090.ENSMUSP00000065004,10090.ENSMUSP00000033880,0.0,0.0,0.0,0.0,0.0,0.39399999999999996,0.95,0.711,0.99,,,
204,Cenpe,Bub1,2103478,2097328,10090.ENSMUSP00000057938,10090.ENSMUSP00000028858,0.0,0.0,0.0,0.0,0.755,0.29100000000000004,0.72,0.835,0.99,,,
205,Mlst8,Rheb,2104608,2097962,10090.ENSMUSP00000065004,10090.ENSMUSP00000030787,0.0,0.0,0.0,0.0,0.08900000000000001,0.0,0.95,0.8079999999999999,0.99,,,
206,H2afx,Mre11a,2102373,2099107,10090.ENSMUSP00000051432,10090.ENSMUSP00000034405,0.0,0.0,0.0,0.0,0.0,0.135,0.95,0.794,0.99,,,
207,Mad2l1,Cdc27,2110075,2108514,10090.ENSMUSP00000098897,10090.ENSMUSP00000091452,0.0,0.0,0.0,0.0,0.09300000000000001,0.8190000000000001,0.9,0.511,0.99,,,
208,Ube2c,Ccna2,2107801,2097462,10090.ENSMUSP00000085581,10090.ENSMUSP00000029270,0.0,0.0,0.0,0.0,0.856,0.0,0.9,0.405,0.99,,,
209,Ube2c,Aurka,2107801,2097382,10090.ENSMUSP00000085581,10090.ENSMUSP00000028997,0.0,0.0,0.0,0.0,0.862,0.0,0.9,0.358,0.99,,,
210,Atm,Mdm2,2112380,2094859,10090.ENSMUSP00000113388,10090.ENSMUSP00000020408,0.0,0.0,0.0,0.0,0.05,0.111,0.95,0.795,0.99,reduced,,
211,Trp53,Aurka,2111141,2097382,10090.ENSMUSP00000104298,10090.ENSMUSP00000028997,0.0,0.0,0.0,0.0,0.05,0.111,0.95,0.789,0.99,,,
212,Bub1b,Incenp,2099749,2096332,10090.ENSMUSP00000037126,10090.ENSMUSP00000025562,0.0,0.0,0.0,0.0,0.785,0.0,0.9,0.609,0.99,reduced,,
213,Grb2,Akt1,2095072,2093284,10090.ENSMUSP00000021090,10090.ENSMUSP00000001780,0.0,0.0,0.0,0.0,0.092,0.073,0.95,0.802,0.99,,,
214,Mtor,Irs1,2110226,2104432,10090.ENSMUSP00000099510,10090.ENSMUSP00000063795,0.0,0.0,0.0,0.0,0.051,0.212,0.883,0.8909999999999999,0.9890000000000001,,extened,
215,Cenpa,Birc5,2112931,2106931,10090.ENSMUSP00000122831,10090.ENSMUSP00000079124,0.0,0.0,0.0,0.0,0.6609999999999999,0.115,0.95,0.397,0.9890000000000001,,,
216,Mad2l1,Cdca8,2110075,2107296,10090.ENSMUSP00000098897,10090.ENSMUSP00000081319,0.0,0.0,0.0,0.0,0.875,0.0,0.9,0.244,0.9890000000000001,,,
217,Birc5,Bub1b,2106931,2099749,10090.ENSMUSP00000079124,10090.ENSMUSP00000037126,0.0,0.0,0.0,0.0,0.818,0.0,0.9,0.469,0.9890000000000001,,reduced,
218,Ube2c,Ccnb1,2107801,2105622,10090.ENSMUSP00000085581,10090.ENSMUSP00000071989,0.0,0.0,0.0,0.0,0.852,0.0,0.9,0.37,0.9890000000000001,,,
219,Cdc27,Ccnb1,2108514,2105622,10090.ENSMUSP00000091452,10090.ENSMUSP00000071989,0.0,0.0,0.0,0.0,0.131,0.7390000000000001,0.9,0.597,0.9890000000000001,,,
220,Cdc27,Cdk2,2108514,2096601,10090.ENSMUSP00000091452,10090.ENSMUSP00000026416,0.0,0.0,0.0,0.0,0.085,0.6809999999999999,0.9,0.687,0.9890000000000001,,,
221,Bub1b,Ccna2,2099749,2097462,10090.ENSMUSP00000037126,10090.ENSMUSP00000029270,0.0,0.0,0.0,0.0,0.774,0.111,0.922,0.40399999999999997,0.9890000000000001,reduced,,
222,Mad2l1,Ube2c,2110075,2107801,10090.ENSMUSP00000098897,10090.ENSMUSP00000085581,0.0,0.0,0.0,0.0,0.772,0.37,0.9,0.285,0.988,,,
223,Cdca8,Ccnb2,2107296,2099229,10090.ENSMUSP00000081319,10090.ENSMUSP00000034742,0.0,0.0,0.0,0.0,0.838,0.0,0.9,0.342,0.988,,,
224,Cdca8,Ccnb1,2107296,2105622,10090.ENSMUSP00000081319,10090.ENSMUSP00000071989,0.0,0.0,0.0,0.0,0.838,0.0,0.9,0.353,0.988,,,
225,Ube2c,Cdk1,2107801,2094764,10090.ENSMUSP00000085581,10090.ENSMUSP00000020099,0.0,0.0,0.0,0.0,0.821,0.0,0.9,0.389,0.988,,,
226,Kif2c,Bub1b,2104499,2099749,10090.ENSMUSP00000064261,10090.ENSMUSP00000037126,0.0,0.0,0.0,0.0,0.722,0.16699999999999998,0.9,0.5479999999999999,0.988,,reduced,
227,Rps6kb1,Mlst8,2112781,2104608,10090.ENSMUSP00000119715,10090.ENSMUSP00000065004,0.0,0.0,0.0,0.0,0.0,0.14300000000000002,0.95,0.738,0.988,extened,,
228,Shc1,Sos1,2108594,2104984,10090.ENSMUSP00000091940,10090.ENSMUSP00000067786,0.0,0.0,0.0,0.0,0.055,0.491,0.9009999999999999,0.789,0.988,extened,,
229,Eif4ebp1,Rheb,2098910,2097962,10090.ENSMUSP00000033880,10090.ENSMUSP00000030787,0.0,0.0,0.0,0.0,0.052000000000000005,0.062,0.9,0.882,0.988,,,
230,Ccnb1,Anapc10,2105622,2101817,10090.ENSMUSP00000071989,10090.ENSMUSP00000048244,0.0,0.0,0.0,0.0,0.172,0.8109999999999999,0.9,0.314,0.987,,,
231,Cenpa,Bub1b,2112931,2099749,10090.ENSMUSP00000122831,10090.ENSMUSP00000037126,0.0,0.0,0.0,0.0,0.649,0.175,0.9,0.618,0.987,,reduced,
232,Ube2c,Bub1b,2107801,2099749,10090.ENSMUSP00000085581,10090.ENSMUSP00000037126,0.0,0.0,0.0,0.0,0.773,0.107,0.9,0.46399999999999997,0.987,,reduced,
233,Ccnb1,Kif2c,2105622,2104499,10090.ENSMUSP00000071989,10090.ENSMUSP00000064261,0.0,0.0,0.0,0.0,0.821,0.115,0.9,0.287,0.987,,,
234,Ccnb1,Bub1,2105622,2097328,10090.ENSMUSP00000071989,10090.ENSMUSP00000028858,0.0,0.0,0.0,0.0,0.8,0.10099999999999999,0.862,0.5429999999999999,0.987,,,
235,Cdc16,Cdk1,2101759,2094764,10090.ENSMUSP00000047950,10090.ENSMUSP00000020099,0.0,0.0,0.0,0.0,0.09300000000000001,0.6809999999999999,0.9,0.607,0.987,,,
236,Cenpa,Ndc80,2112931,2096108,10090.ENSMUSP00000122831,10090.ENSMUSP00000024851,0.0,0.0,0.0,0.0,0.542,0.166,0.9,0.684,0.986,,,
237,Mlst8,Akt1,2104608,2093284,10090.ENSMUSP00000065004,10090.ENSMUSP00000001780,0.0,0.0,0.0,0.0,0.086,0.14300000000000002,0.95,0.6940000000000001,0.986,,,
238,Bub3,Ttk,2107328,2104584,10090.ENSMUSP00000081547,10090.ENSMUSP00000064839,0.0,0.0,0.0,0.0,0.147,0.963,0.0,0.617,0.986,,,
239,Rheb,Akt1,2097962,2093284,10090.ENSMUSP00000030787,10090.ENSMUSP00000001780,0.0,0.0,0.0,0.0,0.0,0.21,0.904,0.84,0.986,,,
240,Cdc27,Plk1,2108514,2098695,10090.ENSMUSP00000091452,10090.ENSMUSP00000033154,0.0,0.0,0.0,0.0,0.255,0.461,0.9,0.696,0.986,,,
241,Trp53,Aurkb,2111141,2095125,10090.ENSMUSP00000104298,10090.ENSMUSP00000021277,0.0,0.0,0.0,0.0,0.053,0.105,0.9359999999999999,0.7829999999999999,0.986,,,
242,Rps6kb1,Rheb,2112781,2097962,10090.ENSMUSP00000119715,10090.ENSMUSP00000030787,0.0,0.0,0.0,0.0,0.0,0.21,0.904,0.84,0.986,extened,,
243,Mad1l1,Cdc20,2098220,2093817,10090.ENSMUSP00000031534,10090.ENSMUSP00000006565,0.0,0.0,0.0,0.0,0.054000000000000006,0.675,0.9,0.588,0.985,,,
244,Chek2,Mdm2,2104828,2094859,10090.ENSMUSP00000066679,10090.ENSMUSP00000020408,0.0,0.0,0.0,0.0,0.055999999999999994,0.111,0.95,0.696,0.985,,,
245,Shc1,Insr,2108594,2108203,10090.ENSMUSP00000091940,10090.ENSMUSP00000088837,0.0,0.0,0.0,0.0,0.0,0.191,0.9009999999999999,0.833,0.985,extened,extened,extened;extened
246,Cenpe,Ndc80,2103478,2096108,10090.ENSMUSP00000057938,10090.ENSMUSP00000024851,0.0,0.0,0.0,0.0,0.768,0.111,0.72,0.7759999999999999,0.985,,,
247,Cdc16,Cdk2,2101759,2096601,10090.ENSMUSP00000047950,10090.ENSMUSP00000026416,0.0,0.0,0.0,0.0,0.11699999999999999,0.6809999999999999,0.9,0.5579999999999999,0.985,,,
248,Atm,Mdm4,2112380,2105341,10090.ENSMUSP00000113388,10090.ENSMUSP00000070411,0.0,0.0,0.0,0.0,0.067,0.111,0.95,0.677,0.985,reduced,,
249,Ccna2,Cdkn1a,2097462,2095964,10090.ENSMUSP00000029270,10090.ENSMUSP00000023829,0.0,0.0,0.0,0.0,0.0,0.5539999999999999,0.94,0.49,0.985,,,
250,Eif4ebp1,Akt1,2098910,2093284,10090.ENSMUSP00000033880,10090.ENSMUSP00000001780,0.0,0.0,0.0,0.0,0.0,0.5589999999999999,0.528,0.9359999999999999,0.985,,,
251,Incenp,Ndc80,2096332,2096108,10090.ENSMUSP00000025562,10090.ENSMUSP00000024851,0.0,0.0,0.0,0.0,0.5920000000000001,0.0,0.9,0.674,0.985,,,
252,Mad1l1,Bub1,2098220,2097328,10090.ENSMUSP00000031534,10090.ENSMUSP00000028858,0.0,0.0,0.0,0.0,0.111,0.9640000000000001,0.0,0.579,0.985,,,
253,Cdk2,Mdm2,2096601,2094859,10090.ENSMUSP00000026416,10090.ENSMUSP00000020408,0.0,0.0,0.0,0.0,0.052000000000000005,0.107,0.95,0.669,0.9840000000000001,,,
254,Cenpa,Cdk1,2112931,2094764,10090.ENSMUSP00000122831,10090.ENSMUSP00000020099,0.0,0.0,0.0,0.0,0.634,0.11,0.9,0.575,0.9840000000000001,,,
255,Tsc2,Mlst8,2109084,2104608,10090.ENSMUSP00000094986,10090.ENSMUSP00000065004,0.0,0.0,0.0,0.0,0.094,0.0,0.95,0.688,0.9840000000000001,,,
256,Ccnb1,Ndc80,2105622,2096108,10090.ENSMUSP00000071989,10090.ENSMUSP00000024851,0.0,0.0,0.0,0.0,0.743,0.16699999999999998,0.9,0.37200000000000005,0.9840000000000001,,,
257,Cenpa,Cdc20,2112931,2093817,10090.ENSMUSP00000122831,10090.ENSMUSP00000006565,0.0,0.0,0.0,0.0,0.705,0.07,0.9,0.473,0.983,,,
258,Cdca8,Ndc80,2107296,2096108,10090.ENSMUSP00000081319,10090.ENSMUSP00000024851,0.0,0.0,0.0,0.0,0.738,0.0,0.9,0.414,0.983,,,
259,Ttk,Ndc80,2104584,2096108,10090.ENSMUSP00000064839,10090.ENSMUSP00000024851,0.0,0.0,0.0,0.0,0.948,0.41200000000000003,0.0,0.509,0.983,,,
260,Cenpa,Mad2l1,2112931,2110075,10090.ENSMUSP00000122831,10090.ENSMUSP00000098897,0.0,0.0,0.0,0.0,0.634,0.115,0.9,0.539,0.983,,,
261,Cdk1,Anapc1,2094764,2094204,10090.ENSMUSP00000020099,10090.ENSMUSP00000014499,0.0,0.0,0.0,0.0,0.055,0.6809999999999999,0.9,0.491,0.982,,,
262,Kif2c,Ndc80,2104499,2096108,10090.ENSMUSP00000064261,10090.ENSMUSP00000024851,0.0,0.0,0.0,0.0,0.615,0.106,0.9,0.557,0.982,,,
263,Cenpe,Plk1,2103478,2098695,10090.ENSMUSP00000057938,10090.ENSMUSP00000033154,0.0,0.0,0.0,0.0,0.648,0.062,0.862,0.664,0.982,,,
264,Birc5,Ndc80,2106931,2096108,10090.ENSMUSP00000079124,10090.ENSMUSP00000024851,0.0,0.0,0.0,0.0,0.655,0.0,0.9,0.504,0.981,,,
265,Bub3,Aurka,2107328,2097382,10090.ENSMUSP00000081547,10090.ENSMUSP00000028997,0.0,0.0,0.0,0.0,0.37799999999999995,0.91,0.0,0.693,0.981,,,
266,Anapc10,Cdk1,2101817,2094764,10090.ENSMUSP00000048244,10090.ENSMUSP00000020099,0.0,0.0,0.0,0.0,0.125,0.6809999999999999,0.9,0.381,0.98,,,
267,Insr,Grb2,2108203,2095072,10090.ENSMUSP00000088837,10090.ENSMUSP00000021090,0.0,0.0,0.0,0.0,0.051,0.18100000000000002,0.9009999999999999,0.77,0.98,extened,,
268,Ttk,Aurkb,2104584,2095125,10090.ENSMUSP00000064839,10090.ENSMUSP00000021277,0.0,0.0,0.0,0.669,0.736,0.912,0.0,0.5670000000000001,0.98,,,
269,Cdk2,Anapc1,2096601,2094204,10090.ENSMUSP00000026416,10090.ENSMUSP00000014499,0.0,0.0,0.0,0.0,0.079,0.6809999999999999,0.9,0.42200000000000004,0.98,,,
270,Rictor,Rptor,2102432,2096691,10090.ENSMUSP00000051809,10090.ENSMUSP00000026671,0.0,0.0,0.0,0.0,0.105,0.111,0.0,0.977,0.98,,,
271,Cenpa,Aurka,2112931,2097382,10090.ENSMUSP00000122831,10090.ENSMUSP00000028997,0.0,0.0,0.0,0.0,0.653,0.401,0.528,0.8109999999999999,0.9790000000000001,,,
272,Ube2c,Plk1,2107801,2098695,10090.ENSMUSP00000085581,10090.ENSMUSP00000033154,0.0,0.0,0.0,0.0,0.684,0.0,0.9,0.40399999999999997,0.9790000000000001,,,
273,Ube2c,Anapc10,2107801,2101817,10090.ENSMUSP00000085581,10090.ENSMUSP00000048244,0.0,0.0,0.0,0.0,0.125,0.742,0.9,0.18899999999999997,0.9790000000000001,,,
274,Ccnb2,Ndc80,2099229,2096108,10090.ENSMUSP00000034742,10090.ENSMUSP00000024851,0.0,0.0,0.0,0.0,0.6779999999999999,0.115,0.9,0.36700000000000005,0.9790000000000001,,,
275,Mad2l1,Kif2c,2110075,2104499,10090.ENSMUSP00000098897,10090.ENSMUSP00000064261,0.0,0.0,0.0,0.0,0.586,0.365,0.9,0.304,0.9790000000000001,,,
276,Anapc10,Cdk2,2101817,2096601,10090.ENSMUSP00000048244,10090.ENSMUSP00000026416,0.0,0.0,0.0,0.0,0.08900000000000001,0.6809999999999999,0.9,0.37,0.9790000000000001,,,
277,Atm,Cdk2,2112380,2096601,10090.ENSMUSP00000113388,10090.ENSMUSP00000026416,0.0,0.0,0.0,0.0,0.052000000000000005,0.06,0.9,0.789,0.978,reduced,,
278,Cenpa,Kif2c,2112931,2104499,10090.ENSMUSP00000122831,10090.ENSMUSP00000064261,0.0,0.0,0.0,0.0,0.546,0.11,0.9,0.5379999999999999,0.978,,,
279,Mad2l1,Incenp,2110075,2096332,10090.ENSMUSP00000098897,10090.ENSMUSP00000025562,0.0,0.0,0.0,0.0,0.653,0.0,0.9,0.43799999999999994,0.978,,,
280,Bub3,Ndc80,2107328,2096108,10090.ENSMUSP00000081547,10090.ENSMUSP00000024851,0.0,0.0,0.0,0.0,0.152,0.045,0.9,0.767,0.978,,,
281,Cenpa,Ccnb1,2112931,2105622,10090.ENSMUSP00000122831,10090.ENSMUSP00000071989,0.0,0.0,0.0,0.0,0.6970000000000001,0.115,0.9,0.302,0.978,,,
282,Anapc10,Ccnb2,2101817,2099229,10090.ENSMUSP00000048244,10090.ENSMUSP00000034742,0.0,0.0,0.0,0.0,0.09699999999999999,0.8109999999999999,0.8,0.406,0.977,,,
283,Cdk2,Cdc20,2096601,2093817,10090.ENSMUSP00000026416,10090.ENSMUSP00000006565,0.0,0.0,0.0,0.0,0.375,0.789,0.0,0.845,0.977,,,
284,Ttk,Aurka,2104584,2097382,10090.ENSMUSP00000064839,10090.ENSMUSP00000028997,0.0,0.0,0.0,0.65,0.706,0.912,0.0,0.531,0.977,,,
285,Sos1,Cbl,2104984,2100642,10090.ENSMUSP00000067786,10090.ENSMUSP00000041902,0.0,0.0,0.0,0.0,0.07400000000000001,0.11,0.95,0.489,0.976,,,
286,Cdc27,Ccnb2,2108514,2099229,10090.ENSMUSP00000091452,10090.ENSMUSP00000034742,0.0,0.0,0.0,0.0,0.09699999999999999,0.7390000000000001,0.8,0.562,0.976,,,
287,Kif2c,Cdk1,2104499,2094764,10090.ENSMUSP00000064261,10090.ENSMUSP00000020099,0.0,0.0,0.0,0.0,0.622,0.109,0.9,0.371,0.976,,,
288,Bub3,Cdc16,2107328,2101759,10090.ENSMUSP00000081547,10090.ENSMUSP00000047950,0.0,0.0,0.0,0.0,0.165,0.5539999999999999,0.9,0.45399999999999996,0.976,,,
289,Ccnb1,Incenp,2105622,2096332,10090.ENSMUSP00000071989,10090.ENSMUSP00000025562,0.0,0.0,0.0,0.0,0.73,0.0,0.9,0.21100000000000002,0.976,,,
290,Cenpa,Plk1,2112931,2098695,10090.ENSMUSP00000122831,10090.ENSMUSP00000033154,0.0,0.0,0.0,0.0,0.5660000000000001,0.07200000000000001,0.9,0.46399999999999997,0.975,,,
291,Cdca8,Aurka,2107296,2097382,10090.ENSMUSP00000081319,10090.ENSMUSP00000028997,0.0,0.0,0.0,0.0,0.8390000000000001,0.105,0.708,0.491,0.975,,,
292,Trp53,Ccna2,2111141,2097462,10090.ENSMUSP00000104298,10090.ENSMUSP00000029270,0.0,0.0,0.0,0.0,0.067,0.10099999999999999,0.95,0.484,0.975,,,
293,Acly,Fasn,2110942,2102627,10090.ENSMUSP00000103012,10090.ENSMUSP00000052872,0.0,0.0,0.0,0.0,0.6679999999999999,0.064,0.8,0.655,0.975,,,
294,Mdm2,Cdk1,2094859,2094764,10090.ENSMUSP00000020408,10090.ENSMUSP00000020099,0.0,0.0,0.0,0.0,0.052000000000000005,0.1,0.935,0.6,0.975,,,
295,Bub3,Incenp,2107328,2096332,10090.ENSMUSP00000081547,10090.ENSMUSP00000025562,0.0,0.0,0.0,0.0,0.19899999999999998,0.0,0.9,0.703,0.9740000000000001,,,
296,Bub3,Anapc1,2107328,2094204,10090.ENSMUSP00000081547,10090.ENSMUSP00000014499,0.0,0.0,0.0,0.0,0.098,0.5539999999999999,0.9,0.447,0.9740000000000001,,,
297,Cdc16,Plk1,2101759,2098695,10090.ENSMUSP00000047950,10090.ENSMUSP00000033154,0.0,0.0,0.0,0.0,0.139,0.461,0.9,0.48700000000000004,0.973,,,
298,Bub3,Cdk1,2107328,2094764,10090.ENSMUSP00000081547,10090.ENSMUSP00000020099,0.0,0.0,0.0,0.0,0.298,0.08,0.9,0.633,0.973,,,
299,Irs1,Irs2,2104432,2100009,10090.ENSMUSP00000063795,10090.ENSMUSP00000038514,0.0,0.0,0.0,0.787,0.0,0.46299999999999997,0.941,0.9520000000000001,0.973,extened,extened,extened;extened
300,Kif2c,Ccnb2,2104499,2099229,10090.ENSMUSP00000064261,10090.ENSMUSP00000034742,0.0,0.0,0.0,0.0,0.568,0.115,0.9,0.375,0.972,,,
301,Aurka,Aurkb,2097382,2095125,10090.ENSMUSP00000028997,10090.ENSMUSP00000021277,0.0,0.0,0.527,0.9670000000000001,0.727,0.047,0.9,0.7829999999999999,0.972,,,
302,Ube2c,Anapc1,2107801,2094204,10090.ENSMUSP00000085581,10090.ENSMUSP00000014499,0.0,0.0,0.0,0.0,0.0,0.674,0.9,0.196,0.971,,,
303,Cenpa,Ccnb2,2112931,2099229,10090.ENSMUSP00000122831,10090.ENSMUSP00000034742,0.0,0.0,0.0,0.0,0.561,0.115,0.9,0.355,0.971,,,
304,Acly,Pck1,2110942,2097389,10090.ENSMUSP00000103012,10090.ENSMUSP00000029017,0.0,0.0,0.0,0.0,0.067,0.0,0.925,0.62,0.971,,extened,
305,Irs1,Akt1,2104432,2093284,10090.ENSMUSP00000063795,10090.ENSMUSP00000001780,0.0,0.0,0.0,0.0,0.051,0.109,0.218,0.961,0.97,extened,,
306,Mdm4,Chek2,2105341,2104828,10090.ENSMUSP00000070411,10090.ENSMUSP00000066679,0.0,0.0,0.0,0.0,0.05,0.111,0.9,0.6920000000000001,0.97,,,
307,Aurka,Ndc80,2097382,2096108,10090.ENSMUSP00000028997,10090.ENSMUSP00000024851,0.0,0.0,0.0,0.0,0.75,0.395,0.39299999999999996,0.7070000000000001,0.9690000000000001,,,
308,Ccnb1,Aurka,2105622,2097382,10090.ENSMUSP00000071989,10090.ENSMUSP00000028997,0.0,0.0,0.0,0.0,0.904,0.17,0.0,0.638,0.9690000000000001,,,
309,Rps6kb1,Eif4ebp1,2112781,2098910,10090.ENSMUSP00000119715,10090.ENSMUSP00000033880,0.0,0.0,0.0,0.0,0.0,0.316,0.218,0.9470000000000001,0.9690000000000001,extened,,
310,Chek1,Wrn,2099199,2098950,10090.ENSMUSP00000034625,10090.ENSMUSP00000033990,0.0,0.0,0.0,0.0,0.132,0.223,0.9,0.5820000000000001,0.968,,reduced,
311,Ccna2,Mdm2,2097462,2094859,10090.ENSMUSP00000029270,10090.ENSMUSP00000020408,0.0,0.0,0.0,0.0,0.078,0.062,0.95,0.349,0.968,,,
312,H2afx,Cdk2,2102373,2096601,10090.ENSMUSP00000051432,10090.ENSMUSP00000026416,0.0,0.0,0.0,0.0,0.09699999999999999,0.17,0.9,0.619,0.9670000000000001,,,
313,Lmna,Cdk1,2097617,2094764,10090.ENSMUSP00000029699,10090.ENSMUSP00000020099,0.0,0.0,0.0,0.0,0.14400000000000002,0.111,0.9,0.618,0.9670000000000001,reduced,,
314,Ttk,Cdc20,2104584,2093817,10090.ENSMUSP00000064839,10090.ENSMUSP00000006565,0.0,0.0,0.0,0.0,0.843,0.564,0.0,0.562,0.9670000000000001,,,
315,Bub3,Plk1,2107328,2098695,10090.ENSMUSP00000081547,10090.ENSMUSP00000033154,0.0,0.0,0.0,0.0,0.255,0.0,0.9,0.579,0.966,,,
316,Insr,Cbl,2108203,2100642,10090.ENSMUSP00000088837,10090.ENSMUSP00000041902,0.0,0.0,0.0,0.0,0.049,0.11,0.883,0.703,0.966,extened,,
317,Anapc10,Ccna2,2101817,2097462,10090.ENSMUSP00000048244,10090.ENSMUSP00000029270,0.0,0.0,0.0,0.0,0.157,0.507,0.9,0.295,0.966,,,
318,Trp53,Mre11a,2111141,2099107,10090.ENSMUSP00000104298,10090.ENSMUSP00000034405,0.0,0.0,0.0,0.0,0.0,0.0,0.9,0.674,0.966,,,
319,Rps6kb1,Rictor,2112781,2102432,10090.ENSMUSP00000119715,10090.ENSMUSP00000051809,0.0,0.0,0.0,0.0,0.11199999999999999,0.585,0.27,0.8909999999999999,0.966,extened,,
320,Mdm2,Pten,2094859,2094170,10090.ENSMUSP00000020408,10090.ENSMUSP00000013807,0.0,0.0,0.0,0.0,0.052000000000000005,0.0,0.9,0.672,0.966,,,
321,Chek1,Cdk2,2099199,2096601,10090.ENSMUSP00000034625,10090.ENSMUSP00000026416,0.0,0.0,0.389,0.6990000000000001,0.29,0.316,0.9,0.902,0.965,,,
322,Mtor,Pten,2110226,2094170,10090.ENSMUSP00000099510,10090.ENSMUSP00000013807,0.0,0.0,0.0,0.0,0.073,0.396,0.131,0.937,0.965,,,
323,Bub3,Kif2c,2107328,2104499,10090.ENSMUSP00000081547,10090.ENSMUSP00000064261,0.0,0.0,0.0,0.0,0.115,0.313,0.9,0.501,0.965,,,
324,Grb2,Igf1r,2095072,2093723,10090.ENSMUSP00000021090,10090.ENSMUSP00000005671,0.0,0.0,0.0,0.0,0.051,0.18100000000000002,0.9009999999999999,0.588,0.9640000000000001,,extened,
325,Shc1,Igf1r,2108594,2093723,10090.ENSMUSP00000091940,10090.ENSMUSP00000005671,0.0,0.0,0.0,0.0,0.076,0.191,0.9009999999999999,0.578,0.9640000000000001,extened,extened,extened;extened
326,Wrn,Rad17,2098950,2095404,10090.ENSMUSP00000033990,10090.ENSMUSP00000022136,0.0,0.0,0.0,0.0,0.126,0.218,0.9,0.536,0.9640000000000001,reduced,,
327,Cenpa,Bub1,2112931,2097328,10090.ENSMUSP00000122831,10090.ENSMUSP00000028858,0.0,0.0,0.0,0.0,0.5720000000000001,0.07400000000000001,0.72,0.706,0.963,,,
328,Cdc27,Ube2c,2108514,2107801,10090.ENSMUSP00000091452,10090.ENSMUSP00000085581,0.0,0.0,0.0,0.0,0.10099999999999999,0.0,0.9,0.629,0.963,,,
329,Cdk2,Cdk1,2096601,2094764,10090.ENSMUSP00000026416,10090.ENSMUSP00000020099,0.0,0.0,0.526,0.97,0.384,0.41600000000000004,0.9009999999999999,0.8370000000000001,0.963,,,
330,Mre11a,Cdk2,2099107,2096601,10090.ENSMUSP00000034405,10090.ENSMUSP00000026416,0.0,0.0,0.0,0.0,0.11599999999999999,0.157,0.9,0.555,0.9620000000000001,,,
331,Cdkn1a,Cdk1,2095964,2094764,10090.ENSMUSP00000023829,10090.ENSMUSP00000020099,0.0,0.0,0.0,0.0,0.0,0.622,0.528,0.807,0.9620000000000001,,,
332,Cenpa,Bub3,2112931,2107328,10090.ENSMUSP00000122831,10090.ENSMUSP00000081547,0.0,0.0,0.0,0.0,0.115,0.10800000000000001,0.9,0.5720000000000001,0.961,,,
333,Trp53,Egfr,2111141,2094834,10090.ENSMUSP00000104298,10090.ENSMUSP00000020329,0.0,0.0,0.0,0.0,0.0,0.099,0.528,0.917,0.961,,,
334,Mtor,Irs2,2110226,2100009,10090.ENSMUSP00000099510,10090.ENSMUSP00000038514,0.0,0.0,0.0,0.0,0.051,0.212,0.873,0.639,0.961,,extened,
335,Ep300,Crebbp,2104849,2095752,10090.ENSMUSP00000066789,10090.ENSMUSP00000023165,0.0,0.0,0.0,0.953,0.14400000000000002,0.113,0.95,0.693,0.96,,,
336,Mad1l1,Ndc80,2098220,2096108,10090.ENSMUSP00000031534,10090.ENSMUSP00000024851,0.0,0.0,0.0,0.0,0.15,0.16699999999999998,0.9,0.509,0.96,,,
337,Kif2c,Aurka,2104499,2097382,10090.ENSMUSP00000064261,10090.ENSMUSP00000028997,0.0,0.0,0.0,0.0,0.7290000000000001,0.115,0.361,0.773,0.96,,,
338,Bub1,Incenp,2097328,2096332,10090.ENSMUSP00000028858,10090.ENSMUSP00000025562,0.0,0.0,0.0,0.0,0.563,0.0,0.528,0.823,0.96,,,
339,Cenpe,Cdc20,2103478,2093817,10090.ENSMUSP00000057938,10090.ENSMUSP00000006565,0.0,0.0,0.0,0.0,0.8109999999999999,0.17,0.0,0.768,0.96,,,
340,Bub3,Birc5,2107328,2106931,10090.ENSMUSP00000081547,10090.ENSMUSP00000079124,0.0,0.0,0.0,0.0,0.142,0.0,0.9,0.568,0.9590000000000001,,,
341,Ccnb2,Incenp,2099229,2096332,10090.ENSMUSP00000034742,10090.ENSMUSP00000025562,0.0,0.0,0.0,0.0,0.556,0.0,0.9,0.158,0.9590000000000001,,,
342,Trp53,Wrn,2111141,2098950,10090.ENSMUSP00000104298,10090.ENSMUSP00000033990,0.0,0.0,0.0,0.0,0.0,0.162,0.9,0.556,0.9590000000000001,,reduced,
343,Cdc16,Ccna2,2101759,2097462,10090.ENSMUSP00000047950,10090.ENSMUSP00000029270,0.0,0.0,0.0,0.0,0.195,0.185,0.9,0.46,0.9590000000000001,,,
344,Ccnb1,Cdc16,2105622,2101759,10090.ENSMUSP00000071989,10090.ENSMUSP00000047950,0.0,0.0,0.0,0.0,0.113,0.322,0.9,0.37799999999999995,0.9570000000000001,,,
345,Birc5,Bub1,2106931,2097328,10090.ENSMUSP00000079124,10090.ENSMUSP00000028858,0.0,0.0,0.0,0.0,0.785,0.0,0.528,0.613,0.9570000000000001,,,
346,Cdc27,Aurkb,2108514,2095125,10090.ENSMUSP00000091452,10090.ENSMUSP00000021277,0.0,0.0,0.0,0.0,0.13699999999999998,0.111,0.9,0.503,0.956,,,
347,Cdc27,Aurka,2108514,2097382,10090.ENSMUSP00000091452,10090.ENSMUSP00000028997,0.0,0.0,0.0,0.0,0.145,0.105,0.9,0.503,0.956,,,
348,Fasn,Mcat,2102627,2102400,10090.ENSMUSP00000052872,10090.ENSMUSP00000051569,0.084,0.0,0.0,0.0,0.0,0.0,0.943,0.21,0.955,,extened,
349,Cdc27,Ccna2,2108514,2097462,10090.ENSMUSP00000091452,10090.ENSMUSP00000029270,0.0,0.0,0.0,0.0,0.08800000000000001,0.243,0.9,0.43200000000000005,0.955,,,
350,Bub3,Cdca8,2107328,2107296,10090.ENSMUSP00000081547,10090.ENSMUSP00000081319,0.0,0.0,0.0,0.0,0.129,0.0,0.9,0.529,0.955,,,
351,Irs2,Akt1,2100009,2093284,10090.ENSMUSP00000038514,10090.ENSMUSP00000001780,0.0,0.0,0.0,0.0,0.051,0.099,0.218,0.94,0.9540000000000001,extened,,
352,Cenpa,Cenpe,2112931,2103478,10090.ENSMUSP00000122831,10090.ENSMUSP00000057938,0.0,0.0,0.0,0.0,0.498,0.11,0.72,0.679,0.9540000000000001,,,
353,Fasn,Oxsm,2102627,2095461,10090.ENSMUSP00000052872,10090.ENSMUSP00000022311,0.046,0.002,0.0,0.659,0.0,0.0,0.946,0.46399999999999997,0.9540000000000001,,,
354,Mad1l1,Aurka,2098220,2097382,10090.ENSMUSP00000031534,10090.ENSMUSP00000028997,0.0,0.0,0.0,0.0,0.078,0.9109999999999999,0.0,0.466,0.9520000000000001,,,
355,Mdm2,Igf1r,2094859,2093723,10090.ENSMUSP00000020408,10090.ENSMUSP00000005671,0.0,0.0,0.0,0.0,0.052000000000000005,0.564,0.825,0.423,0.9520000000000001,,extened,
356,Ccna2,Bub1,2097462,2097328,10090.ENSMUSP00000029270,10090.ENSMUSP00000028858,0.0,0.0,0.0,0.0,0.8859999999999999,0.1,0.252,0.431,0.95,,,
357,Rps6kb1,Tsc2,2112781,2109084,10090.ENSMUSP00000119715,10090.ENSMUSP00000094986,0.0,0.0,0.0,0.0,0.053,0.589,0.34700000000000003,0.8270000000000001,0.95,extened,,
358,Insr,Acaca,2108203,2094986,10090.ENSMUSP00000088837,10090.ENSMUSP00000020843,0.0,0.0,0.0,0.0,0.086,0.7609999999999999,0.0,0.7879999999999999,0.9490000000000001,extened,,
359,Mad2l1,Anapc1,2110075,2094204,10090.ENSMUSP00000098897,10090.ENSMUSP00000014499,0.0,0.0,0.0,0.0,0.076,0.397,0.9,0.18899999999999997,0.948,,,
360,Wrn,Top3b,2098950,2095839,10090.ENSMUSP00000033990,10090.ENSMUSP00000023465,0.0,0.0,0.0,0.0,0.114,0.7440000000000001,0.358,0.6859999999999999,0.948,reduced,reduced,reduced;reduced
361,Ube2c,Bub3,2107801,2107328,10090.ENSMUSP00000085581,10090.ENSMUSP00000081547,0.0,0.0,0.0,0.0,0.284,0.0,0.9,0.327,0.9470000000000001,,,
362,Cdca8,Bub1,2107296,2097328,10090.ENSMUSP00000081319,10090.ENSMUSP00000028858,0.0,0.0,0.0,0.0,0.755,0.0,0.528,0.5820000000000001,0.9470000000000001,,,
363,Igf1,Egfr,2103282,2094834,10090.ENSMUSP00000056668,10090.ENSMUSP00000020329,0.0,0.0,0.0,0.0,0.076,0.0,0.8,0.732,0.946,extened,,
364,Sos1,Irs2,2104984,2100009,10090.ENSMUSP00000067786,10090.ENSMUSP00000038514,0.0,0.0,0.0,0.0,0.054000000000000006,0.0,0.9329999999999999,0.20600000000000002,0.945,,extened,
365,Rps6kb1,Akt1,2112781,2093284,10090.ENSMUSP00000119715,10090.ENSMUSP00000001780,0.0,0.0,0.37200000000000005,0.872,0.109,0.322,0.9009999999999999,0.9329999999999999,0.945,extened,,
366,Cenpa,H2afx,2112931,2102373,10090.ENSMUSP00000122831,10090.ENSMUSP00000051432,0.0,0.0,0.0,0.0,0.743,0.41,0.0,0.664,0.9440000000000001,,,
367,Cenpe,Aurkb,2103478,2095125,10090.ENSMUSP00000057938,10090.ENSMUSP00000021277,0.0,0.0,0.0,0.0,0.7,0.115,0.147,0.778,0.943,,,
368,Bub3,Ccnb1,2107328,2105622,10090.ENSMUSP00000081547,10090.ENSMUSP00000071989,0.0,0.0,0.0,0.0,0.14300000000000002,0.073,0.9,0.36700000000000005,0.943,,,
369,Ccnb1,Mad1l1,2105622,2098220,10090.ENSMUSP00000071989,10090.ENSMUSP00000031534,0.0,0.0,0.0,0.0,0.055,0.0,0.9,0.445,0.943,,,
370,Ttk,Cdk1,2104584,2094764,10090.ENSMUSP00000064839,10090.ENSMUSP00000020099,0.0,0.0,0.0,0.684,0.741,0.7490000000000001,0.0,0.48700000000000004,0.9420000000000001,,,
371,Ccnb1,Cenpe,2105622,2103478,10090.ENSMUSP00000071989,10090.ENSMUSP00000057938,0.0,0.0,0.0,0.0,0.7020000000000001,0.115,0.72,0.312,0.9420000000000001,,,
372,Mtor,Egfr,2110226,2094834,10090.ENSMUSP00000099510,10090.ENSMUSP00000020329,0.0,0.0,0.0,0.0,0.052000000000000005,0.07400000000000001,0.528,0.873,0.941,,,
373,H2afx,Crebbp,2102373,2095752,10090.ENSMUSP00000051432,10090.ENSMUSP00000023165,0.0,0.0,0.0,0.0,0.049,0.192,0.9,0.322,0.94,,,
374,Bub3,Ccnb2,2107328,2099229,10090.ENSMUSP00000081547,10090.ENSMUSP00000034742,0.0,0.0,0.0,0.0,0.185,0.073,0.9,0.304,0.94,,,
375,Trp53,Rad17,2111141,2095404,10090.ENSMUSP00000104298,10090.ENSMUSP00000022136,0.0,0.0,0.0,0.0,0.051,0.042,0.9,0.424,0.94,,,
376,Mad1l1,Cdk1,2098220,2094764,10090.ENSMUSP00000031534,10090.ENSMUSP00000020099,0.0,0.0,0.0,0.0,0.077,0.062,0.9,0.391,0.94,,,
377,Mad2l1,Cenpe,2110075,2103478,10090.ENSMUSP00000098897,10090.ENSMUSP00000057938,0.0,0.0,0.0,0.0,0.713,0.46799999999999997,0.0,0.634,0.9390000000000001,,,
378,Atm,Ccna2,2112380,2097462,10090.ENSMUSP00000113388,10090.ENSMUSP00000029270,0.0,0.0,0.0,0.0,0.052000000000000005,0.047,0.9,0.385,0.937,reduced,,
379,Ccnb1,Anapc1,2105622,2094204,10090.ENSMUSP00000071989,10090.ENSMUSP00000014499,0.0,0.0,0.0,0.0,0.054000000000000006,0.0,0.9,0.397,0.937,,,
380,Ccnb2,Aurka,2099229,2097382,10090.ENSMUSP00000034742,10090.ENSMUSP00000028997,0.0,0.0,0.0,0.0,0.818,0.17,0.0,0.614,0.9359999999999999,,,
381,Ccnb2,Mad1l1,2099229,2098220,10090.ENSMUSP00000034742,10090.ENSMUSP00000031534,0.0,0.0,0.0,0.0,0.09,0.0,0.9,0.35700000000000004,0.9359999999999999,,,
382,Ube2c,Cdk2,2107801,2096601,10090.ENSMUSP00000085581,10090.ENSMUSP00000026416,0.0,0.0,0.0,0.0,0.22399999999999998,0.0,0.9,0.237,0.935,,,
383,Bub3,Cenpe,2107328,2103478,10090.ENSMUSP00000081547,10090.ENSMUSP00000057938,0.0,0.0,0.0,0.0,0.121,0.5660000000000001,0.0,0.8420000000000001,0.934,,,
384,Irs1,Igf1,2104432,2103282,10090.ENSMUSP00000063795,10090.ENSMUSP00000056668,0.0,0.0,0.0,0.0,0.0,0.0,0.44,0.888,0.934,extened,extened,extened;extened
385,Chek2,Chek1,2104828,2099199,10090.ENSMUSP00000066679,10090.ENSMUSP00000034625,0.0,0.0,0.27899999999999997,0.6990000000000001,0.257,0.371,0.8,0.9890000000000001,0.934,,,
386,Cdca8,Cenpe,2107296,2103478,10090.ENSMUSP00000081319,10090.ENSMUSP00000057938,0.0,0.0,0.0,0.0,0.816,0.047,0.19699999999999998,0.589,0.934,,,
387,Cdc16,Aurkb,2101759,2095125,10090.ENSMUSP00000047950,10090.ENSMUSP00000021277,0.0,0.0,0.0,0.0,0.14400000000000002,0.0,0.9,0.28300000000000003,0.9329999999999999,,,
388,Ep300,H2afx,2104849,2102373,10090.ENSMUSP00000066789,10090.ENSMUSP00000051432,0.0,0.0,0.0,0.0,0.049,0.192,0.9,0.24,0.9329999999999999,,,
389,Mre11a,Ccna2,2099107,2097462,10090.ENSMUSP00000034405,10090.ENSMUSP00000029270,0.0,0.0,0.0,0.0,0.193,0.047,0.9,0.221,0.932,,,
390,Bub3,Ccna2,2107328,2097462,10090.ENSMUSP00000081547,10090.ENSMUSP00000029270,0.0,0.0,0.0,0.0,0.142,0.069,0.9,0.256,0.932,,,
391,Mdm4,Pten,2105341,2094170,10090.ENSMUSP00000070411,10090.ENSMUSP00000013807,0.0,0.0,0.0,0.0,0.054000000000000006,0.0,0.9,0.332,0.9309999999999999,,,
392,Cenpe,Incenp,2103478,2096332,10090.ENSMUSP00000057938,10090.ENSMUSP00000025562,0.0,0.0,0.0,0.0,0.48200000000000004,0.0,0.19699999999999998,0.847,0.9309999999999999,,,
393,Lcp2,Sos1,2113352,2104984,10090.ENSMUSP00000126796,10090.ENSMUSP00000067786,0.0,0.0,0.0,0.0,0.054000000000000006,0.0,0.9,0.322,0.93,,,
394,Trp53,Mtor,2111141,2110226,10090.ENSMUSP00000104298,10090.ENSMUSP00000099510,0.0,0.0,0.0,0.0,0.0,0.111,0.358,0.887,0.93,,,
395,Bub3,Anapc10,2107328,2101817,10090.ENSMUSP00000081547,10090.ENSMUSP00000048244,0.0,0.0,0.0,0.0,0.092,0.042,0.9,0.282,0.929,,,
396,Igf1,Akt1,2103282,2093284,10090.ENSMUSP00000056668,10090.ENSMUSP00000001780,0.0,0.0,0.0,0.0,0.0,0.0,0.27,0.905,0.9279999999999999,extened,,
397,Bub1,Cdk2,2097328,2096601,10090.ENSMUSP00000028858,10090.ENSMUSP00000026416,0.0,0.0,0.0,0.0,0.32,0.634,0.384,0.586,0.9279999999999999,,,
398,Aurkb,Anapc1,2095125,2094204,10090.ENSMUSP00000021277,10090.ENSMUSP00000014499,0.0,0.0,0.0,0.0,0.08900000000000001,0.1,0.9,0.228,0.9279999999999999,,,
399,Cdc16,Aurka,2101759,2097382,10090.ENSMUSP00000047950,10090.ENSMUSP00000028997,0.0,0.0,0.0,0.0,0.102,0.0,0.9,0.271,0.9279999999999999,,,
400,Anapc10,Aurka,2101817,2097382,10090.ENSMUSP00000048244,10090.ENSMUSP00000028997,0.0,0.0,0.0,0.0,0.17,0.115,0.9,0.132,0.927,,,
401,Ccnb1,Ttk,2105622,2104584,10090.ENSMUSP00000071989,10090.ENSMUSP00000064839,0.0,0.0,0.0,0.0,0.831,0.424,0.0,0.317,0.927,,,
402,Plk1,Anapc1,2098695,2094204,10090.ENSMUSP00000033154,10090.ENSMUSP00000014499,0.0,0.0,0.0,0.0,0.064,0.073,0.9,0.256,0.9259999999999999,,,
403,Grb2,Fgf23,2095072,2093067,10090.ENSMUSP00000021090,10090.ENSMUSP00000000186,0.0,0.0,0.0,0.0,0.0,0.044000000000000004,0.917,0.146,0.9259999999999999,,,
404,Mdm2,Egfr,2094859,2094834,10090.ENSMUSP00000020408,10090.ENSMUSP00000020329,0.0,0.0,0.0,0.0,0.0,0.099,0.8,0.62,0.925,,,
405,Anapc10,Plk1,2101817,2098695,10090.ENSMUSP00000048244,10090.ENSMUSP00000033154,0.0,0.0,0.0,0.0,0.23,0.0,0.9,0.114,0.925,,,
406,Shc1,Irs1,2108594,2104432,10090.ENSMUSP00000091940,10090.ENSMUSP00000063795,0.0,0.0,0.0,0.0,0.0,0.109,0.44,0.8590000000000001,0.9229999999999999,extened,extened,extened;extened
407,Ccna2,Aurkb,2097462,2095125,10090.ENSMUSP00000029270,10090.ENSMUSP00000021277,0.0,0.0,0.0,0.0,0.8540000000000001,0.115,0.0,0.452,0.9229999999999999,,,
408,Irs1,Egfr,2104432,2094834,10090.ENSMUSP00000063795,10090.ENSMUSP00000020329,0.0,0.0,0.0,0.0,0.0,0.059000000000000004,0.8,0.623,0.922,extened,,
409,Cdc27,Cdkn1a,2108514,2095964,10090.ENSMUSP00000091452,10090.ENSMUSP00000023829,0.0,0.0,0.0,0.0,0.049,0.10800000000000001,0.9,0.18,0.9209999999999999,,,
410,Trp53,Cdk1,2111141,2094764,10090.ENSMUSP00000104298,10090.ENSMUSP00000020099,0.0,0.0,0.0,0.0,0.05,0.111,0.384,0.866,0.9209999999999999,,,
411,Anapc10,Aurkb,2101817,2095125,10090.ENSMUSP00000048244,10090.ENSMUSP00000021277,0.0,0.0,0.0,0.0,0.099,0.115,0.9,0.124,0.92,,,
412,Mad1l1,Incenp,2098220,2096332,10090.ENSMUSP00000031534,10090.ENSMUSP00000025562,0.0,0.0,0.0,0.0,0.139,0.0,0.9,0.153,0.92,,,
413,Ccnb2,Bub1,2099229,2097328,10090.ENSMUSP00000034742,10090.ENSMUSP00000028858,0.0,0.0,0.0,0.0,0.723,0.10099999999999999,0.428,0.503,0.92,,,
414,Cbl,Igf1r,2100642,2093723,10090.ENSMUSP00000041902,10090.ENSMUSP00000005671,0.0,0.0,0.0,0.0,0.049,0.11,0.883,0.285,0.919,,extened,
415,Ccnb1,Lmna,2105622,2097617,10090.ENSMUSP00000071989,10090.ENSMUSP00000029699,0.0,0.0,0.0,0.0,0.175,0.0,0.9,0.105,0.919,,reduced,
416,Cdc16,Ccnb2,2101759,2099229,10090.ENSMUSP00000047950,10090.ENSMUSP00000034742,0.0,0.0,0.0,0.0,0.113,0.322,0.8,0.39899999999999997,0.9179999999999999,,,
417,Aurka,Anapc1,2097382,2094204,10090.ENSMUSP00000028997,10090.ENSMUSP00000014499,0.0,0.0,0.0,0.0,0.055,0.1,0.9,0.153,0.9179999999999999,,,
418,Plk1,Mad1l1,2098695,2098220,10090.ENSMUSP00000033154,10090.ENSMUSP00000031534,0.0,0.0,0.0,0.0,0.115,0.062,0.9,0.13,0.9179999999999999,,,
419,Kif2c,Mad1l1,2104499,2098220,10090.ENSMUSP00000064261,10090.ENSMUSP00000031534,0.0,0.0,0.0,0.0,0.10099999999999999,0.115,0.9,0.09,0.917,,,
420,Birc5,Mad1l1,2106931,2098220,10090.ENSMUSP00000079124,10090.ENSMUSP00000031534,0.0,0.0,0.0,0.0,0.08900000000000001,0.0,0.9,0.158,0.9159999999999999,,,
421,Shc1,Cbl,2108594,2100642,10090.ENSMUSP00000091940,10090.ENSMUSP00000041902,0.0,0.0,0.0,0.0,0.0,0.496,0.528,0.674,0.9159999999999999,extened,,
422,Insr,Acacb,2108203,2098236,10090.ENSMUSP00000088837,10090.ENSMUSP00000031583,0.0,0.0,0.0,0.0,0.11800000000000001,0.7609999999999999,0.0,0.632,0.915,extened,,
423,Ube2c,Cdkn1a,2107801,2095964,10090.ENSMUSP00000085581,10090.ENSMUSP00000023829,0.0,0.0,0.0,0.0,0.0,0.0,0.9,0.17800000000000002,0.914,,,
424,Cenpa,Mad1l1,2112931,2098220,10090.ENSMUSP00000122831,10090.ENSMUSP00000031534,0.0,0.0,0.0,0.0,0.075,0.07400000000000001,0.9,0.106,0.9129999999999999,,,
425,Ccna2,Anapc1,2097462,2094204,10090.ENSMUSP00000029270,10090.ENSMUSP00000014499,0.0,0.0,0.0,0.0,0.053,0.0,0.9,0.146,0.912,,,
426,Tsc2,Rictor,2109084,2102432,10090.ENSMUSP00000094986,10090.ENSMUSP00000051809,0.0,0.0,0.0,0.0,0.099,0.0,0.528,0.81,0.912,,,
427,Cenpe,Cdk1,2103478,2094764,10090.ENSMUSP00000057938,10090.ENSMUSP00000020099,0.0,0.0,0.0,0.0,0.758,0.11,0.0,0.618,0.91,,,
428,Birc5,Ccna2,2106931,2097462,10090.ENSMUSP00000079124,10090.ENSMUSP00000029270,0.0,0.0,0.0,0.0,0.855,0.11199999999999999,0.0,0.358,0.91,,,
429,Cdca8,Mad1l1,2107296,2098220,10090.ENSMUSP00000081319,10090.ENSMUSP00000031534,0.0,0.0,0.0,0.0,0.085,0.0,0.9,0.09699999999999999,0.91,,,
430,Bub1b,Crebbp,2099749,2095752,10090.ENSMUSP00000037126,10090.ENSMUSP00000023165,0.0,0.0,0.0,0.0,0.05,0.098,0.9,0.08,0.91,reduced,,
431,Rps6,Mtor,2110399,2110226,10090.ENSMUSP00000099878,10090.ENSMUSP00000099510,0.0,0.0,0.0,0.0,0.095,0.308,0.0,0.865,0.909,,,
432,Cenpe,Crebbp,2103478,2095752,10090.ENSMUSP00000057938,10090.ENSMUSP00000023165,0.0,0.0,0.0,0.0,0.09,0.067,0.9,0.064,0.909,,,
433,Igf1,Irs2,2103282,2100009,10090.ENSMUSP00000056668,10090.ENSMUSP00000038514,0.0,0.0,0.0,0.0,0.0,0.0,0.528,0.816,0.909,extened,extened,extened;extened
434,Cenpe,Ccna2,2103478,2097462,10090.ENSMUSP00000057938,10090.ENSMUSP00000029270,0.0,0.0,0.0,0.0,0.8340000000000001,0.115,0.0,0.425,0.9079999999999999,,,
435,Cdc16,Cdkn1a,2101759,2095964,10090.ENSMUSP00000047950,10090.ENSMUSP00000023829,0.0,0.0,0.0,0.0,0.0,0.0,0.9,0.111,0.907,,,
436,Ccna2,Aurka,2097462,2097382,10090.ENSMUSP00000029270,10090.ENSMUSP00000028997,0.0,0.0,0.0,0.0,0.836,0.115,0.0,0.41200000000000003,0.907,,,
437,Trp53,Birc5,2111141,2106931,10090.ENSMUSP00000104298,10090.ENSMUSP00000079124,0.0,0.0,0.0,0.0,0.052000000000000005,0.095,0.0,0.9,0.907,,,
438,Egfr,Pten,2094834,2094170,10090.ENSMUSP00000020329,10090.ENSMUSP00000013807,0.0,0.0,0.0,0.0,0.0,0.057,0.0,0.903,0.905,,,
439,Bcl2,Cdk2,2111690,2096601,10090.ENSMUSP00000108371,10090.ENSMUSP00000026416,0.0,0.0,0.0,0.0,0.0,0.519,0.0,0.8109999999999999,0.905,,,
440,Birc5,Cenpe,2106931,2103478,10090.ENSMUSP00000079124,10090.ENSMUSP00000057938,0.0,0.0,0.0,0.0,0.6890000000000001,0.0,0.129,0.679,0.905,,,
441,Sos1,Fgf23,2104984,2093067,10090.ENSMUSP00000067786,10090.ENSMUSP00000000186,0.0,0.0,0.0,0.0,0.0,0.043,0.9,0.083,0.904,,,
442,Mapkap1,Rptor,2111755,2096691,10090.ENSMUSP00000108751,10090.ENSMUSP00000026671,0.0,0.0,0.0,0.0,0.068,0.32,0.0,0.861,0.904,,,
443,Mtor,Pparg,2110226,2093113,10090.ENSMUSP00000099510,10090.ENSMUSP00000000450,0.0,0.0,0.0,0.0,0.0,0.062,0.815,0.486,0.903,,extened,
444,Cbl,Fgf23,2100642,2093067,10090.ENSMUSP00000041902,10090.ENSMUSP00000000186,0.0,0.0,0.0,0.0,0.0,0.043,0.9,0.071,0.903,,,
445,Cdc27,Cebpb,2108514,2105262,10090.ENSMUSP00000091452,10090.ENSMUSP00000069850,0.0,0.0,0.0,0.0,0.054000000000000006,0.0,0.9,0.064,0.903,,extened,
446,Kif2c,Bub1,2104499,2097328,10090.ENSMUSP00000064261,10090.ENSMUSP00000028858,0.0,0.0,0.0,0.0,0.664,0.29100000000000004,0.0,0.625,0.903,,,
447,Anapc10,Cdkn1a,2101817,2095964,10090.ENSMUSP00000048244,10090.ENSMUSP00000023829,0.0,0.0,0.0,0.0,0.0,0.0,0.9,0.069,0.903,,,
448,Adcy5,Ghrhr,2112021,2105018,10090.ENSMUSP00000110563,10090.ENSMUSP00000068120,0.0,0.0,0.0,0.0,0.0,0.0,0.9,0.055999999999999994,0.9009999999999999,extened,extened,extened;extened
449,Shc1,Akt1,2108594,2093284,10090.ENSMUSP00000091940,10090.ENSMUSP00000001780,0.0,0.0,0.0,0.0,0.102,0.062,0.528,0.7809999999999999,0.9009999999999999,extened,,
